grating_mod grating_value[um] SAW_freq[Hz] SAW_freq_error[Hz] A[Wm^-2] A_err[Wm^-2] alpha[m^2s^-1] alpha_err[m2s-1] beta[s^0.5] beta_err[s^0.5] B[Wm^-2] B_err[Wm^-2] theta theta_err tau[s] tau_err[s] C[Wm^-2] C_err[Wm^-2]
0.9 5.79861 4.1328162e+08 3605.4524 0.01916846 0.0095542091 5.8155661e-05 3.7766928e-06 5.6379387e-06 1.88045e-05 0.0028453141 6.5972866e-05 2.1805671 0.014756033 3.726908e-08 1.0581078e-09 -1.8029459e-05 9.0324379e-06
0.91 5.863039 4.132814e+08 3605.5414 0.019124833 0.0095471498 5.9437128e-05 3.8617455e-06 5.5555434e-06 1.8876567e-05 0.0028452778 6.59722e-05 2.1806019 0.014756102 3.7269396e-08 1.0581222e-09 -1.8046681e-05 9.0330486e-06
0.92 5.927468 4.1328121e+08 3605.6232 0.019079413 0.0095397818 6.0731338e-05 3.9477431e-06 5.4686813e-06 1.8952389e-05 0.0028452416 6.59715e-05 2.1806337 0.014756164 3.7269705e-08 1.0581358e-09 -1.8064715e-05 9.033682e-06
0.93 5.991897 4.1328103e+08 3605.6976 0.019032543 0.0095321565 6.2038361e-05 4.0346737e-06 5.3779033e-06 1.903147e-05 0.0028452058 6.597077e-05 2.1806623 0.014756216 3.7270006e-08 1.0581487e-09 -1.8083454e-05 9.0343334e-06
0.94 6.056326 4.1328087e+08 3605.7649 0.018984594 0.0095243299 6.3358291e-05 4.1225261e-06 5.2838392e-06 1.9113253e-05 0.0028451704 6.5970014e-05 2.1806879 0.014756262 3.7270298e-08 1.0581606e-09 -1.8102775e-05 9.0349985e-06
0.95 6.120755 4.1328073e+08 3605.8253 0.018935951 0.009516362 6.4691246e-05 4.2112898e-06 5.1871832e-06 1.919713e-05 0.0028451357 6.5969237e-05 2.1807106 0.014756298 3.727058e-08 1.0581716e-09 -1.8122542e-05 9.0356721e-06
0.96 6.185184 4.132806e+08 3605.8793 0.018887002 0.0095083141 6.6037361e-05 4.3009557e-06 5.0886752e-06 1.9282462e-05 0.0028451019 6.5968443e-05 2.1807307 0.014756327 3.7270851e-08 1.0581817e-09 -1.8142612e-05 9.0363496e-06
0.97 6.249613 4.1328048e+08 3605.9267 0.018838118 0.0095002468 6.7396784e-05 4.3915169e-06 4.9890666e-06 1.9368603e-05 0.0028450691 6.5967641e-05 2.1807481 0.014756346 3.727111e-08 1.0581908e-09 -1.8162837e-05 9.0370258e-06
0.98 6.314042 4.132816e+08 3605.4574 0.019491232 0.0096057915 6.9109038e-05 4.4703142e-06 6.2193674e-06 1.8292303e-05 0.0028454472 6.5975129e-05 2.1805728 0.014755706 3.7269244e-08 1.0580928e-09 -1.7900306e-05 9.028133e-06
0.99 6.378471 4.1328032e+08 3605.9944 0.019481812 0.0096042568 7.05217e-05 4.5621774e-06 6.2026642e-06 1.8306916e-05 0.0028453534 6.5973911e-05 2.1807873 0.014755979 3.7270697e-08 1.0581575e-09 -1.7904868e-05 9.0284e-06
1 6.4429 4.1328031e+08 3606.0009 0.019470234 0.0096022804 7.1947601e-05 4.6549894e-06 6.1821807e-06 1.8324676e-05 0.0028453487 6.5973849e-05 2.1807899 0.014755995 3.7270682e-08 1.058158e-09 -1.7909996e-05 9.0285662e-06
1.01 6.507329 4.1328031e+08 3606.0026 0.01945836 0.0096002694 7.3387541e-05 4.7487629e-06 6.1612549e-06 1.8342892e-05 0.0028453446 6.5973798e-05 2.1807906 0.014756009 3.7270653e-08 1.0581581e-09 -1.7915153e-05 9.0287343e-06
1.02 6.571758 4.1328031e+08 3605.9991 0.019446166 0.0095982186 7.4841492e-05 4.8434972e-06 6.1398178e-06 1.8361616e-05 0.0028453411 6.5973755e-05 2.1807892 0.014756022 3.7270612e-08 1.0581576e-09 -1.7920355e-05 9.0289047e-06
1.03 6.636187 4.1328034e+08 3605.9894 0.019433623 0.009596122 7.6309426e-05 4.9391919e-06 6.1177913e-06 1.8380903e-05 0.0028453385 6.5973723e-05 2.1807854 0.014756035 3.7270556e-08 1.0581565e-09 -1.7925618e-05 9.0290776e-06
1.04 6.700616 4.1328038e+08 3605.9719 0.019420712 0.0095939752 7.7791316e-05 5.0358463e-06 6.0951162e-06 1.8400798e-05 0.0028453369 6.5973703e-05 2.1807784 0.014756043 3.7270481e-08 1.0581545e-09 -1.7930958e-05 9.0292529e-06
1.05 6.765045 4.1328048e+08 3605.9277 0.019407351 0.0095917604 7.9287105e-05 5.1334594e-06 6.0716239e-06 1.842143e-05 0.0028453394 6.5973735e-05 2.1807609 0.014756036 3.7270335e-08 1.0581495e-09 -1.7936403e-05 9.0294271e-06
1.06 6.829474 4.1328067e+08 3605.848 0.019393505 0.0095894694 8.0796756e-05 5.2320301e-06 6.0472285e-06 1.8442864e-05 0.0028453476 6.5973837e-05 2.1807291 0.014756017 3.7270095e-08 1.0581403e-09 -1.7941968e-05 9.0295985e-06
1.07 6.893903 4.1328087e+08 3605.7646 0.019379292 0.0095871258 8.2320308e-05 5.3315577e-06 6.0221196e-06 1.8464939e-05 0.0028453562 6.597394e-05 2.1806958 0.01475599 3.7269848e-08 1.0581307e-09 -1.794763e-05 9.0297734e-06
1.08 6.958332 4.1328106e+08 3605.683 0.019364745 0.0095847352 8.3857759e-05 5.4320405e-06 5.9963394e-06 1.8487613e-05 0.0028453642 6.5974031e-05 2.1806631 0.014755969 3.7269608e-08 1.0581215e-09 -1.7953384e-05 9.0299527e-06
1.09 7.022761 4.1328125e+08 3605.6048 0.019349892 0.009582301 8.5409108e-05 5.5334771e-06 5.9699212e-06 1.8510852e-05 0.0028453714 6.5974109e-05 2.1806316 0.014755948 3.7269381e-08 1.0581127e-09 -1.7959227e-05 9.0301364e-06
1.1 7.08719 4.1328143e+08 3605.531 0.019331725 0.0095793415 8.697253e-05 5.6359555e-06 5.9374672e-06 1.8539416e-05 0.0028453763 6.5974146e-05 2.1806018 0.014755931 3.726917e-08 1.0581047e-09 -1.7966346e-05 9.0303652e-06