grating_mod grating_value[um] SAW_freq[Hz] SAW_freq_error[Hz] A[Wm^-2] A_err[Wm^-2] alpha[m^2s^-1] alpha_err[m2s-1] beta[s^0.5] beta_err[s^0.5] B[Wm^-2] B_err[Wm^-2] theta theta_err tau[s] tau_err[s] C[Wm^-2] C_err[Wm^-2]
0.9 5.79861 4.1391838e+08 4968.665 0.028303654 0.030637058 5.1751377e-05 6.7383965e-06 2.8576102e-05 2.3943077e-05 0.0029085521 8.6722157e-05 -1.5644864 0.016651509 3.8468889e-08 1.161106e-09 1.2716522e-05 9.0693865e-06
0.91 5.863039 4.1391775e+08 4970.7857 0.028260867 0.030584906 5.2878776e-05 6.8838413e-06 2.8558774e-05 2.3966954e-05 0.0029084969 8.6720048e-05 -1.5643325 0.016651394 3.8469818e-08 1.1611366e-09 1.2677053e-05 9.0708596e-06
0.92 5.927468 4.1391775e+08 4970.789 0.028216727 0.030533085 5.4017832e-05 7.0309256e-06 2.8540057e-05 2.3993668e-05 0.0029085117 8.6720129e-05 -1.5643222 0.016651291 3.8469732e-08 1.1611282e-09 1.263822e-05 9.0723164e-06
0.93 5.991897 4.1391775e+08 4970.7919 0.0281705 0.030480081 5.5167624e-05 7.1794775e-06 2.8520057e-05 2.4022836e-05 0.0029085267 8.6720222e-05 -1.5643118 0.016651188 3.8469644e-08 1.1611199e-09 1.2598918e-05 9.0738121e-06
0.94 6.056326 4.1391774e+08 4970.7942 0.028122512 0.030426191 5.6328257e-05 7.3295142e-06 2.8498927e-05 2.4054203e-05 0.002908542 8.6720327e-05 -1.5643014 0.016651081 3.8469553e-08 1.1611115e-09 1.2559349e-05 9.0753385e-06
0.95 6.120755 4.1391774e+08 4970.7961 0.028073118 0.030371724 5.7499863e-05 7.4810542e-06 2.8476835e-05 2.4087479e-05 0.0029085575 8.6720444e-05 -1.564291 0.016650979 3.8469461e-08 1.1611031e-09 1.2519722e-05 9.0768871e-06
0.96 6.185184 4.1391774e+08 4970.7976 0.028022699 0.030317012 5.8682597e-05 7.6341185e-06 2.8453969e-05 2.4122342e-05 0.002908573 8.672057e-05 -1.5642807 0.016650876 3.8469368e-08 1.1610948e-09 1.2480254e-05 9.0784485e-06
0.97 6.249613 4.1391774e+08 4970.7987 0.027971624 0.030262363 5.9876623e-05 7.788726e-06 2.8430516e-05 2.4158463e-05 0.0029085885 8.6720706e-05 -1.5642705 0.016650775 3.8469273e-08 1.1610865e-09 1.2441139e-05 9.0800139e-06
0.98 6.314042 4.1391774e+08 4970.7994 0.027906583 0.030193792 6.1072738e-05 7.9435628e-06 2.8400266e-05 2.4205543e-05 0.0029086081 8.6720889e-05 -1.5642579 0.016650653 3.8469153e-08 1.1610763e-09 1.2392423e-05 9.0819861e-06
0.99 6.378471 4.1391774e+08 4970.7997 0.027836277 0.030120702 6.2276611e-05 8.0994887e-06 2.8367136e-05 2.4257586e-05 0.002908629 8.6721097e-05 -1.5642445 0.016650523 3.8469024e-08 1.1610655e-09 1.2340938e-05 9.0840983e-06
1 6.4429 4.1391774e+08 4970.7997 0.027762756 0.030045216 6.3489461e-05 8.2566846e-06 2.8332065e-05 2.4313121e-05 0.0029086507 8.6721329e-05 -1.5642309 0.016650388 3.8468888e-08 1.1610543e-09 1.2288202e-05 9.0862905e-06
1.01 6.507329 4.1391774e+08 4970.7995 0.02768609 0.029967371 6.4711169e-05 8.4151388e-06 2.8295071e-05 2.4372113e-05 0.0029086732 8.6721584e-05 -1.5642169 0.01665025 3.8468745e-08 1.1610429e-09 1.2234248e-05 9.0885625e-06
1.02 6.571758 4.1391774e+08 4970.7989 0.027606349 0.029887202 6.594161e-05 8.574838e-06 2.8256171e-05 2.4434522e-05 0.0029086966 8.6721862e-05 -1.5642026 0.016650115 3.8468596e-08 1.1610313e-09 1.2179104e-05 9.0909145e-06
1.03 6.636187 4.1391774e+08 4970.798 0.027523585 0.029804725 6.7180645e-05 8.7357667e-06 2.8215377e-05 2.4500319e-05 0.0029087208 8.6722166e-05 -1.5641879 0.01664998 3.846844e-08 1.1610193e-09 1.2122782e-05 9.0933471e-06
1.04 6.700616 4.1391774e+08 4970.7969 0.02743782 0.029719932 6.8428114e-05 8.8979081e-06 2.8172682e-05 2.456951e-05 0.0029087459 8.6722496e-05 -1.5641729 0.016649836 3.8468276e-08 1.161007e-09 1.2065286e-05 9.0958616e-06
1.05 6.765045 4.1391774e+08 4970.7955 0.026353117 0.032339997 7.1690933e-05 9.6551483e-06 2.5045027e-05 3.111316e-05 0.0029106507 8.6802394e-05 -1.5680454 0.016655053 3.8417102e-08 1.1592787e-09 1.5242284e-05 9.0192331e-06
1.06 6.829474 4.1391775e+08 4970.7897 0.026320136 0.032323964 7.305151e-05 9.8414151e-06 2.5018617e-05 3.1172233e-05 0.00291065 8.6802328e-05 -1.5680465 0.016655033 3.8417111e-08 1.1592785e-09 1.523742e-05 9.0196408e-06
1.07 6.893903 4.1391775e+08 4970.7794 0.026286051 0.032307273 7.4424163e-05 1.0029509e-05 2.4991254e-05 3.1233396e-05 0.0029106496 8.6802265e-05 -1.5680479 0.016655014 3.8417119e-08 1.1592782e-09 1.5232246e-05 9.0200655e-06
1.08 6.958332 4.1391775e+08 4970.7669 0.026250878 0.032289921 7.5808855e-05 1.0219427e-05 2.4962941e-05 3.1296634e-05 0.0029106493 8.6802203e-05 -1.5680495 0.016654998 3.8417124e-08 1.1592777e-09 1.5226755e-05 9.0205075e-06
1.09 7.022761 4.1391776e+08 4970.7524 0.026214611 0.032271899 7.7205543e-05 1.0411169e-05 2.4933667e-05 3.1361974e-05 0.0029106491 8.6802142e-05 -1.5680512 0.016654976 3.8417129e-08 1.1592772e-09 1.5220939e-05 9.0209669e-06
1.1 7.08719 4.1391776e+08 4970.7358 0.026177273 0.032253207 7.8614192e-05 1.0604733e-05 2.4903438e-05 3.1429394e-05 0.0029106491 8.6802082e-05 -1.568053 0.016654961 3.8417132e-08 1.1592765e-09 1.5214794e-05 9.0214438e-06