grating_mod grating_value[um] SAW_freq[Hz] SAW_freq_error[Hz] A[Wm^-2] A_err[Wm^-2] alpha[m^2s^-1] alpha_err[m2s-1] beta[s^0.5] beta_err[s^0.5] B[Wm^-2] B_err[Wm^-2] theta theta_err tau[s] tau_err[s] C[Wm^-2] C_err[Wm^-2]
0.9 5.79861 4.1356088e+08 3577.922 0.023132245 0.012422895 6.2829645e-05 4.3160914e-06 9.5514198e-06 1.7706832e-05 0.0028031874 6.815578e-05 1.9580199 0.015510889 3.7216559e-08 1.1043111e-09 -0.00017097128 9.1279785e-06
0.91 5.863039 4.1356087e+08 3577.9511 0.023132275 0.01242281 6.4233607e-05 4.4124694e-06 9.5514978e-06 1.7706667e-05 0.0028031866 6.8155777e-05 1.958022 0.015510895 3.7216563e-08 1.1043115e-09 -0.00017097135 9.1279844e-06
0.92 5.927468 4.1356085e+08 3577.9802 0.023132306 0.012422727 6.565308e-05 4.5099122e-06 9.5515821e-06 1.7706498e-05 0.0028031857 6.8155773e-05 1.9580241 0.015510898 3.7216568e-08 1.104312e-09 -0.00017097143 9.1279902e-06
0.93 5.991897 4.1356087e+08 3577.9333 0.023132332 0.01242264 6.7088058e-05 4.608418e-06 9.5516602e-06 1.7706333e-05 0.0028031874 6.8155781e-05 1.9580207 0.015510891 3.7216558e-08 1.104311e-09 -0.00017097151 9.1279942e-06
0.94 6.056326 4.1356095e+08 3577.7557 0.023132349 0.012422545 6.8538535e-05 4.7079855e-06 9.5517287e-06 1.7706168e-05 0.0028031934 6.8155806e-05 1.9580078 0.015510859 3.7216522e-08 1.1043078e-09 -0.00017097161 9.1279951e-06
0.95 6.120755 4.1356051e+08 3578.8428 0.023132439 0.012422539 7.000462e-05 4.8086478e-06 9.5519233e-06 1.7705995e-05 0.0028031581 6.8155659e-05 1.9580865 0.015511046 3.7216729e-08 1.1043271e-09 -0.00017097162 9.1280251e-06
0.96 6.185184 4.1356081e+08 3578.0883 0.023132424 0.012422399 7.1486056e-05 4.9103297e-06 9.5519686e-06 1.7705809e-05 0.0028031831 6.8155765e-05 1.9580317 0.015510914 3.7216583e-08 1.1043135e-09 -0.00017097182 9.128013e-06
0.97 6.249613 4.1356081e+08 3578.0916 0.023132453 0.012422294 7.2983015e-05 5.0130921e-06 9.5521573e-06 1.7705559e-05 0.0028031834 6.8155769e-05 1.9580319 0.015510913 3.721658e-08 1.1043133e-09 -0.00017097207 9.1280197e-06
0.98 6.314042 4.1356081e+08 3578.0931 0.023132478 0.012422184 7.4495468e-05 5.1169183e-06 9.5523567e-06 1.7705302e-05 0.0028031839 6.8155773e-05 1.958032 0.015510913 3.7216577e-08 1.1043131e-09 -0.00017097235 9.1280266e-06
0.99 6.378471 4.1356041e+08 3579.0722 0.023132545 0.012422135 7.6023492e-05 5.2218342e-06 9.5526521e-06 1.7705042e-05 0.0028031523 6.8155645e-05 1.9581032 0.015511079 3.7216762e-08 1.1043304e-09 -0.00017097259 9.1280566e-06
1 6.4429 4.1356041e+08 3579.0731 0.023132543 0.012422012 7.7566922e-05 5.3277892e-06 9.5528583e-06 1.7704786e-05 0.0028031529 6.8155651e-05 1.9581032 0.015511078 3.7216759e-08 1.1043302e-09 -0.00017097294 9.1280643e-06
1.01 6.507329 4.1356041e+08 3579.0703 0.023132523 0.012421881 7.9125835e-05 5.4348081e-06 9.5530581e-06 1.7704538e-05 0.0028031537 6.8155658e-05 1.958103 0.015511077 3.7216754e-08 1.1043299e-09 -0.00017097333 9.1280724e-06
1.02 6.571758 4.1356042e+08 3579.0651 0.023132481 0.012421742 8.0700229e-05 5.542891e-06 9.5532496e-06 1.77043e-05 0.0028031546 6.8155665e-05 1.9581026 0.015511073 3.7216749e-08 1.1043295e-09 -0.00017097376 9.1280809e-06
1.03 6.636187 4.1356042e+08 3579.0582 0.023132411 0.012421594 8.22901e-05 5.6520383e-06 9.5534209e-06 1.7704084e-05 0.0028031556 6.8155673e-05 1.9581021 0.015511068 3.7216743e-08 1.104329e-09 -0.00017097423 9.12809e-06
1.04 6.700616 4.1356042e+08 3579.0503 0.02313231 0.012421436 8.3895445e-05 5.7622499e-06 9.5535698e-06 1.7703893e-05 0.0028031567 6.8155682e-05 1.9581014 0.015511066 3.7216737e-08 1.1043285e-09 -0.00017097474 9.1280996e-06
1.05 6.765045 4.1356043e+08 3579.0414 0.023132173 0.012421269 8.5516261e-05 5.8735261e-06 9.5536837e-06 1.7703737e-05 0.0028031578 6.815569e-05 1.9581008 0.015511062 3.7216731e-08 1.104328e-09 -0.00017097528 9.1281098e-06
1.06 6.829474 4.1356043e+08 3579.0317 0.023131995 0.012421091 8.7152548e-05 5.9858671e-06 9.5537585e-06 1.770362e-05 0.002803159 6.8155699e-05 1.9581 0.015511056 3.7216724e-08 1.1043275e-09 -0.00017097586 9.1281206e-06
1.07 6.893903 4.1356043e+08 3579.0233 0.023131776 0.012420904 8.8804302e-05 6.0992731e-06 9.5537904e-06 1.7703546e-05 0.0028031601 6.8155707e-05 1.9580994 0.015511054 3.7216718e-08 1.104327e-09 -0.00017097647 9.128132e-06
1.08 6.958332 4.1356044e+08 3579.014 0.023131508 0.012420707 9.0471522e-05 6.2137442e-06 9.5537645e-06 1.7703529e-05 0.0028031613 6.8155715e-05 1.9580987 0.01551105 3.7216711e-08 1.1043264e-09 -0.00017097711 9.1281439e-06
1.09 7.022761 4.1356044e+08 3579.0048 0.023132628 0.012421864 9.215824e-05 6.3294324e-06 9.5519321e-06 1.7705039e-05 0.0028031522 6.8155623e-05 1.9580983 0.015511075 3.7216762e-08 1.1043301e-09 -0.00017097133 9.1280695e-06
1.1 7.08719 4.1356044e+08 3578.9957 0.023132644 0.012421813 9.3856959e-05 6.4460444e-06 9.5519813e-06 1.7704939e-05 0.0028031526 6.8155624e-05 1.9580977 0.015511073 3.7216759e-08 1.1043299e-09 -0.00017097138 9.1280723e-06