4.15E-09	0.0452
4.20E-09	0.0471
4.25E-09	0.049
4.31E-09	0.0508
4.36E-09	0.0524
4.41E-09	0.0539
4.46E-09	0.0551
4.51E-09	0.0562
4.57E-09	0.057
4.62E-09	0.0575
4.67E-09	0.0577
4.72E-09	0.0577
4.77E-09	0.0574
4.83E-09	0.0568
4.88E-09	0.0559
4.93E-09	0.0548
4.98E-09	0.0535
5.03E-09	0.052
5.09E-09	0.0502
5.14E-09	0.0484
5.19E-09	0.0465
5.24E-09	0.0445
5.29E-09	0.0424
5.35E-09	0.0404
5.40E-09	0.0385
5.45E-09	0.0366
5.50E-09	0.0349
5.55E-09	0.0333
5.61E-09	0.032
5.66E-09	0.0308
5.71E-09	0.0299
5.76E-09	0.0292
5.81E-09	0.0289
5.87E-09	0.0287
5.92E-09	0.0289
5.97E-09	0.0293
6.02E-09	0.03
6.07E-09	0.0309
6.13E-09	0.0321
6.18E-09	0.0334
6.23E-09	0.0349
6.28E-09	0.0365
6.33E-09	0.0382
6.39E-09	0.04
6.44E-09	0.0418
6.49E-09	0.0435
6.54E-09	0.0453
6.59E-09	0.0469
6.65E-09	0.0484
6.70E-09	0.0497
6.75E-09	0.0509
6.80E-09	0.0518
6.85E-09	0.0525
6.91E-09	0.053
6.96E-09	0.0532
7.01E-09	0.0531
7.06E-09	0.0528
7.12E-09	0.0523
7.17E-09	0.0514
7.22E-09	0.0504
7.27E-09	0.0492
7.32E-09	0.0477
7.38E-09	0.0461
7.43E-09	0.0444
7.48E-09	0.0426
7.53E-09	0.0408
7.58E-09	0.0389
7.64E-09	0.0371
7.69E-09	0.0353
7.74E-09	0.0336
7.79E-09	0.032
7.84E-09	0.0306
7.90E-09	0.0294
7.95E-09	0.0283
8.00E-09	0.0275
8.05E-09	0.0269
8.10E-09	0.0266
8.16E-09	0.0265
8.21E-09	0.0267
8.26E-09	0.0271
8.31E-09	0.0277
8.36E-09	0.0286
8.42E-09	0.0297
8.47E-09	0.0309
8.52E-09	0.0323
8.57E-09	0.0338
8.62E-09	0.0354
8.68E-09	0.037
8.73E-09	0.0386
8.78E-09	0.0403
8.83E-09	0.0419
8.88E-09	0.0433
8.94E-09	0.0447
8.99E-09	0.0459
9.04E-09	0.047
9.09E-09	0.0478
9.14E-09	0.0485
9.20E-09	0.0489
9.25E-09	0.049
9.30E-09	0.049
9.35E-09	0.0487
9.40E-09	0.0481
9.46E-09	0.0474
9.51E-09	0.0464
9.56E-09	0.0452
9.61E-09	0.0439
9.66E-09	0.0424
9.72E-09	0.0409
9.77E-09	0.0392
9.82E-09	0.0375
9.87E-09	0.0358
9.92E-09	0.0341
9.98E-09	0.0324
1.00E-08	0.0309
1.01E-08	0.0294
1.01E-08	0.0282
1.02E-08	0.027
1.02E-08	0.0261
1.03E-08	0.0254
1.03E-08	0.0248
1.04E-08	0.0246
1.04E-08	0.0245
1.05E-08	0.0247
1.05E-08	0.0251
1.06E-08	0.0257
1.07E-08	0.0265
1.07E-08	0.0275
1.08E-08	0.0287
1.08E-08	0.0299
1.09E-08	0.0313
1.09E-08	0.0328
1.10E-08	0.0343
1.10E-08	0.0358
1.11E-08	0.0373
1.11E-08	0.0388
1.12E-08	0.0401
1.12E-08	0.0414
1.13E-08	0.0425
1.13E-08	0.0434
1.14E-08	0.0442
1.14E-08	0.0448
1.15E-08	0.0451
1.15E-08	0.0453
1.16E-08	0.0452
1.16E-08	0.0449
1.17E-08	0.0444
1.17E-08	0.0437
1.18E-08	0.0427
1.18E-08	0.0417
1.19E-08	0.0404
1.20E-08	0.0391
1.20E-08	0.0376
1.21E-08	0.0361
1.21E-08	0.0345
1.22E-08	0.0329
1.22E-08	0.0314
1.23E-08	0.0299
1.23E-08	0.0285
1.24E-08	0.0271
1.24E-08	0.026
1.25E-08	0.0249
1.25E-08	0.0241
1.26E-08	0.0234
1.26E-08	0.023
1.27E-08	0.0227
1.27E-08	0.0227
1.28E-08	0.0229
1.28E-08	0.0233
1.29E-08	0.0239
1.29E-08	0.0246
1.30E-08	0.0255
1.30E-08	0.0266
1.31E-08	0.0278
1.31E-08	0.0291
1.32E-08	0.0305
1.33E-08	0.0318
1.33E-08	0.0332
1.34E-08	0.0346
1.34E-08	0.036
1.35E-08	0.0372
1.35E-08	0.0383
1.36E-08	0.0394
1.36E-08	0.0402
1.37E-08	0.0409
1.37E-08	0.0414
1.38E-08	0.0417
1.38E-08	0.0418
1.39E-08	0.0418
1.39E-08	0.0415
1.40E-08	0.041
1.40E-08	0.0403
1.41E-08	0.0394
1.41E-08	0.0384
1.42E-08	0.0373
1.42E-08	0.036
1.43E-08	0.0347
1.43E-08	0.0333
1.44E-08	0.0318
1.44E-08	0.0304
1.45E-08	0.0289
1.46E-08	0.0276
1.46E-08	0.0263
1.47E-08	0.0251
1.47E-08	0.024
1.48E-08	0.0231
1.48E-08	0.0223
1.49E-08	0.0217
1.49E-08	0.0213
1.50E-08	0.0211
1.50E-08	0.0211
1.51E-08	0.0213
1.51E-08	0.0216
1.52E-08	0.0222
1.52E-08	0.0229
1.53E-08	0.0238
1.53E-08	0.0248
1.54E-08	0.0259
1.54E-08	0.0271
1.55E-08	0.0283
1.55E-08	0.0296
1.56E-08	0.0309
1.56E-08	0.0322
1.57E-08	0.0334
1.58E-08	0.0345
1.58E-08	0.0356
1.59E-08	0.0365
1.59E-08	0.0373
1.60E-08	0.0379
1.60E-08	0.0384
1.61E-08	0.0386
1.61E-08	0.0387
1.62E-08	0.0386
1.62E-08	0.0383
1.63E-08	0.0379
1.63E-08	0.0372
1.64E-08	0.0364
1.64E-08	0.0355
1.65E-08	0.0344
1.65E-08	0.0333
1.66E-08	0.032
1.66E-08	0.0307
1.67E-08	0.0294
1.67E-08	0.028
1.68E-08	0.0267
1.68E-08	0.0255
1.69E-08	0.0243
1.69E-08	0.0232
1.70E-08	0.0222
1.71E-08	0.0214
1.71E-08	0.0207
1.72E-08	0.0201
1.72E-08	0.0198
1.73E-08	0.0196
1.73E-08	0.0196
1.74E-08	0.0198
1.74E-08	0.0202
1.75E-08	0.0207
1.75E-08	0.0214
1.76E-08	0.0222
1.76E-08	0.0231
1.77E-08	0.0241
1.77E-08	0.0252
1.78E-08	0.0264
1.78E-08	0.0276
1.79E-08	0.0288
1.79E-08	0.0299
1.80E-08	0.031
1.80E-08	0.0321
1.81E-08	0.033
1.81E-08	0.0339
1.82E-08	0.0346
1.82E-08	0.0351
1.83E-08	0.0356
1.84E-08	0.0358
1.84E-08	0.0359
1.85E-08	0.0358
1.85E-08	0.0355
1.86E-08	0.035
1.86E-08	0.0344
1.87E-08	0.0337
1.87E-08	0.0328
1.88E-08	0.0318
1.88E-08	0.0307
1.89E-08	0.0296
1.89E-08	0.0284
1.90E-08	0.0272
1.90E-08	0.0259
1.91E-08	0.0247
1.91E-08	0.0236
1.92E-08	0.0225
1.92E-08	0.0215
1.93E-08	0.0206
1.93E-08	0.0198
1.94E-08	0.0192
1.94E-08	0.0187
1.95E-08	0.0184
1.95E-08	0.0183
1.96E-08	0.0183
1.97E-08	0.0185
1.97E-08	0.0188
1.98E-08	0.0193
1.98E-08	0.02
1.99E-08	0.0207
1.99E-08	0.0216
2.00E-08	0.0225
2.00E-08	0.0236
2.01E-08	0.0246
2.01E-08	0.0257
2.02E-08	0.0268
2.02E-08	0.0279
2.03E-08	0.0289
2.03E-08	0.0298
2.04E-08	0.0307
2.04E-08	0.0315
2.05E-08	0.0321
2.05E-08	0.0326
2.06E-08	0.033
2.06E-08	0.0332
2.07E-08	0.0332
2.07E-08	0.0331
2.08E-08	0.0329
2.08E-08	0.0324
2.09E-08	0.0319
2.10E-08	0.0312
2.10E-08	0.0304
2.11E-08	0.0294
2.11E-08	0.0284
2.12E-08	0.0274
2.12E-08	0.0263
2.13E-08	0.0251
2.13E-08	0.024
2.14E-08	0.0229
2.14E-08	0.0218
2.15E-08	0.0208
2.15E-08	0.0199
2.16E-08	0.0191
2.16E-08	0.0184
2.17E-08	0.0179
2.17E-08	0.0175
2.18E-08	0.0172
2.18E-08	0.0171
2.19E-08	0.0171
2.19E-08	0.0173
2.20E-08	0.0176
2.20E-08	0.0181
2.21E-08	0.0187
2.21E-08	0.0194
2.22E-08	0.0202
2.23E-08	0.0211
2.23E-08	0.022
2.24E-08	0.023
2.24E-08	0.024
2.25E-08	0.025
2.25E-08	0.026
2.26E-08	0.0269
2.26E-08	0.0278
2.27E-08	0.0286
2.27E-08	0.0293
2.28E-08	0.0299
2.28E-08	0.0303
2.29E-08	0.0306
2.29E-08	0.0308
2.30E-08	0.0308
2.30E-08	0.0307
2.31E-08	0.0305
2.31E-08	0.0301
2.32E-08	0.0295
2.32E-08	0.0289
2.33E-08	0.0281
2.33E-08	0.0273
2.34E-08	0.0263
2.34E-08	0.0254
2.35E-08	0.0243
2.36E-08	0.0233
2.36E-08	0.0223
2.37E-08	0.0212
2.37E-08	0.0203
2.38E-08	0.0194
2.38E-08	0.0185
2.39E-08	0.0178
2.39E-08	0.0172
2.40E-08	0.0167
2.40E-08	0.0163
2.41E-08	0.016
2.41E-08	0.0159
2.42E-08	0.016
2.42E-08	0.0162
2.43E-08	0.0165
2.43E-08	0.0169
2.44E-08	0.0175
2.44E-08	0.0181
2.45E-08	0.0189
2.45E-08	0.0197
2.46E-08	0.0206
2.46E-08	0.0215
2.47E-08	0.0224
2.47E-08	0.0233
2.48E-08	0.0242
2.49E-08	0.0251
2.49E-08	0.0259
2.50E-08	0.0266
2.50E-08	0.0272
2.51E-08	0.0278
2.51E-08	0.0282
2.52E-08	0.0285
2.52E-08	0.0286
2.53E-08	0.0286
2.53E-08	0.0285
2.54E-08	0.0283
2.54E-08	0.0279
2.55E-08	0.0274
2.55E-08	0.0268
2.56E-08	0.0261
2.56E-08	0.0253
2.57E-08	0.0244
2.57E-08	0.0235
2.58E-08	0.0226
2.58E-08	0.0216
2.59E-08	0.0207
2.59E-08	0.0197
2.60E-08	0.0188
2.60E-08	0.018
2.61E-08	0.0172
2.62E-08	0.0166
2.62E-08	0.016
2.63E-08	0.0155
2.63E-08	0.0152
2.64E-08	0.015
2.64E-08	0.0149
2.65E-08	0.015
2.65E-08	0.0152
2.66E-08	0.0154
2.66E-08	0.0159
2.67E-08	0.0164
2.67E-08	0.017
2.68E-08	0.0177
2.68E-08	0.0185
2.69E-08	0.0193
2.69E-08	0.0201
2.70E-08	0.021
2.70E-08	0.0218
2.71E-08	0.0226
2.71E-08	0.0234
2.72E-08	0.0241
2.72E-08	0.0248
2.73E-08	0.0254
2.74E-08	0.0259
2.74E-08	0.0262
2.75E-08	0.0265
2.75E-08	0.0266
2.76E-08	0.0266
2.76E-08	0.0265
2.77E-08	0.0262
2.77E-08	0.0259
2.78E-08	0.0254
2.78E-08	0.0249
2.79E-08	0.0242
2.79E-08	0.0235
2.80E-08	0.0227
2.80E-08	0.0218
2.81E-08	0.021
2.81E-08	0.0201
2.82E-08	0.0192
2.82E-08	0.0183
2.83E-08	0.0175
2.83E-08	0.0168
2.84E-08	0.0161
2.84E-08	0.0155
2.85E-08	0.0149
2.85E-08	0.0145
2.86E-08	0.0142
2.87E-08	0.014
2.87E-08	0.014
2.88E-08	0.014
2.88E-08	0.0142
2.89E-08	0.0145
2.89E-08	0.0149
2.90E-08	0.0154
2.90E-08	0.0159
2.91E-08	0.0166
2.91E-08	0.0173
2.92E-08	0.018
2.92E-08	0.0188
2.93E-08	0.0196
2.93E-08	0.0204
2.94E-08	0.0211
2.94E-08	0.0219
2.95E-08	0.0225
2.95E-08	0.0231
2.96E-08	0.0237
2.96E-08	0.0241
2.97E-08	0.0244
2.97E-08	0.0246
2.98E-08	0.0247
2.98E-08	0.0247
2.99E-08	0.0246
3.00E-08	0.0244
3.00E-08	0.024
3.01E-08	0.0236
3.01E-08	0.0231
3.02E-08	0.0225
3.02E-08	0.0218
3.03E-08	0.021
3.03E-08	0.0203
3.04E-08	0.0195
3.04E-08	0.0187
3.05E-08	0.0178
3.05E-08	0.0171
3.06E-08	0.0163
3.06E-08	0.0156
3.07E-08	0.015
3.07E-08	0.0144
3.08E-08	0.014
3.08E-08	0.0136
3.09E-08	0.0133
3.09E-08	0.0132
3.10E-08	0.0131
3.10E-08	0.0132
3.11E-08	0.0133
3.11E-08	0.0136
3.12E-08	0.014
3.13E-08	0.0144
3.13E-08	0.015
3.14E-08	0.0156
3.14E-08	0.0162
3.15E-08	0.0169
3.15E-08	0.0176
3.16E-08	0.0184
3.16E-08	0.0191
3.17E-08	0.0198
3.17E-08	0.0204
3.18E-08	0.021
3.18E-08	0.0216
3.19E-08	0.0221
3.19E-08	0.0224
3.20E-08	0.0227
3.20E-08	0.0229
3.21E-08	0.023
3.21E-08	0.023
3.22E-08	0.0229
3.22E-08	0.0227
3.23E-08	0.0224
3.23E-08	0.0219
3.24E-08	0.0214
3.24E-08	0.0209
3.25E-08	0.0202
3.26E-08	0.0196
3.26E-08	0.0188
3.27E-08	0.0181
3.27E-08	0.0173
3.28E-08	0.0166
3.28E-08	0.0159
3.29E-08	0.0152
3.29E-08	0.0146
3.30E-08	0.014
3.30E-08	0.0135
3.31E-08	0.0131
3.31E-08	0.0127
3.32E-08	0.0125
3.32E-08	0.0124
3.33E-08	0.0123
3.33E-08	0.0124
3.34E-08	0.0125
3.34E-08	0.0128
3.35E-08	0.0131
3.35E-08	0.0136
3.36E-08	0.0141
3.36E-08	0.0146
3.37E-08	0.0152
3.37E-08	0.0159
3.38E-08	0.0165
3.39E-08	0.0172
3.39E-08	0.0179
3.40E-08	0.0185
3.40E-08	0.0191
3.41E-08	0.0197
3.41E-08	0.0201
3.42E-08	0.0206
3.42E-08	0.0209
3.43E-08	0.0212
3.43E-08	0.0214
3.44E-08	0.0214
3.44E-08	0.0214
3.45E-08	0.0213
3.45E-08	0.0211
3.46E-08	0.0208
3.46E-08	0.0204
3.47E-08	0.0199
3.47E-08	0.0194
3.48E-08	0.0188
3.48E-08	0.0182
3.49E-08	0.0175
3.49E-08	0.0168
3.50E-08	0.0162
3.50E-08	0.0155
3.51E-08	0.0148
3.52E-08	0.0142
3.52E-08	0.0136
3.53E-08	0.0131
3.53E-08	0.0126
3.54E-08	0.0122
3.54E-08	0.0119
3.55E-08	0.0117
3.55E-08	0.0116
3.56E-08	0.0116
3.56E-08	0.0116
3.57E-08	0.0118
3.57E-08	0.012
3.58E-08	0.0124
3.58E-08	0.0128
3.59E-08	0.0132
3.59E-08	0.0137
3.60E-08	0.0143
3.60E-08	0.0149
3.61E-08	0.0155
3.61E-08	0.0161
3.62E-08	0.0167
3.62E-08	0.0173
3.63E-08	0.0179
3.63E-08	0.0184
3.64E-08	0.0188
3.65E-08	0.0192
3.65E-08	0.0195
3.66E-08	0.0198
3.66E-08	0.0199
3.67E-08	0.02
3.67E-08	0.0199
3.68E-08	0.0198
3.68E-08	0.0196
3.69E-08	0.0193
3.69E-08	0.019
3.70E-08	0.0185
3.70E-08	0.0181
3.71E-08	0.0175
3.71E-08	0.0169
3.72E-08	0.0163
3.72E-08	0.0157
3.73E-08	0.015
3.73E-08	0.0144
3.74E-08	0.0138
3.74E-08	0.0132
3.75E-08	0.0127
3.75E-08	0.0122
3.76E-08	0.0118
3.76E-08	0.0115
3.77E-08	0.0112
3.78E-08	0.011
3.78E-08	0.0109
3.79E-08	0.0109
3.79E-08	0.011
3.80E-08	0.0111
3.80E-08	0.0113
3.81E-08	0.0116
3.81E-08	0.012
3.82E-08	0.0124
3.82E-08	0.0129
3.83E-08	0.0134
3.83E-08	0.014
3.84E-08	0.0146
3.84E-08	0.0151
3.85E-08	0.0157
3.85E-08	0.0162
3.86E-08	0.0167
3.86E-08	0.0172
3.87E-08	0.0176
3.87E-08	0.0179
3.88E-08	0.0182
3.88E-08	0.0184
3.89E-08	0.0186
3.90E-08	0.0186
3.90E-08	0.0186
3.91E-08	0.0185
3.91E-08	0.0183
3.92E-08	0.018
3.92E-08	0.0177
3.93E-08	0.0173
3.93E-08	0.0168
3.94E-08	0.0163
3.94E-08	0.0158
3.95E-08	0.0152
3.95E-08	0.0146
3.96E-08	0.014
3.96E-08	0.0135
3.97E-08	0.0129
3.97E-08	0.0124
3.98E-08	0.0119
3.98E-08	0.0114
3.99E-08	0.0111
3.99E-08	0.0108
4.00E-08	0.0105
4.00E-08	0.0104
4.01E-08	0.0103
4.01E-08	0.0103
4.02E-08	0.0103
4.03E-08	0.0105
4.03E-08	0.0107
4.04E-08	0.011
4.04E-08	0.0113
4.05E-08	0.0117
4.05E-08	0.0122
4.06E-08	0.0126
4.06E-08	0.0131
4.07E-08	0.0137
4.07E-08	0.0142
4.08E-08	0.0147
4.08E-08	0.0152
4.09E-08	0.0156
4.09E-08	0.0161
4.10E-08	0.0164
4.10E-08	0.0168
4.11E-08	0.017
4.11E-08	0.0172
4.12E-08	0.0173
4.12E-08	0.0174
4.13E-08	0.0173
4.13E-08	0.0172
4.14E-08	0.017
4.14E-08	0.0168
4.15E-08	0.0165
4.16E-08	0.0161
4.16E-08	0.0157
4.17E-08	0.0152
4.17E-08	0.0147
4.18E-08	0.0142
4.18E-08	0.0136
4.19E-08	0.0131
4.19E-08	0.0126
4.20E-08	0.012
4.20E-08	0.0116
4.21E-08	0.0111
4.21E-08	0.0107
4.22E-08	0.0104
4.22E-08	0.0101
4.23E-08	0.0099
4.23E-08	0.0097
4.24E-08	0.0097
4.24E-08	0.0097
4.25E-08	0.0097
4.25E-08	0.0099
4.26E-08	0.0101
4.26E-08	0.0103
4.27E-08	0.0107
4.27E-08	0.011
4.28E-08	0.0115
4.29E-08	0.0119
4.29E-08	0.0124
4.30E-08	0.0128
4.30E-08	0.0133
4.31E-08	0.0138
4.31E-08	0.0142
4.32E-08	0.0147
4.32E-08	0.015
4.33E-08	0.0154
4.33E-08	0.0157
4.34E-08	0.0159
4.34E-08	0.0161
4.35E-08	0.0162
4.35E-08	0.0162
4.36E-08	0.0162
4.36E-08	0.016
4.37E-08	0.0159
4.37E-08	0.0156
4.38E-08	0.0153
4.38E-08	0.015
4.39E-08	0.0146
4.39E-08	0.0142
4.40E-08	0.0137
4.40E-08	0.0132
4.41E-08	0.0127
4.42E-08	0.0122
4.42E-08	0.0117
4.43E-08	0.0113
4.43E-08	0.0108
4.44E-08	0.0104
4.44E-08	0.0101
4.45E-08	0.0097
4.45E-08	0.0095
4.46E-08	0.0093
4.46E-08	0.0092
4.47E-08	0.0091
4.47E-08	0.0091
4.48E-08	0.0092
4.48E-08	0.0093
4.49E-08	0.0095
4.49E-08	0.0098
4.50E-08	0.0101
4.50E-08	0.0104
4.51E-08	0.0108
4.51E-08	0.0112
4.52E-08	0.0116
4.52E-08	0.0121
4.53E-08	0.0125
4.53E-08	0.0129
4.54E-08	0.0133
4.55E-08	0.0137
4.55E-08	0.0141
4.56E-08	0.0144
4.56E-08	0.0147
4.57E-08	0.0149
4.57E-08	0.015
4.58E-08	0.0151
4.58E-08	0.0151
4.59E-08	0.0151
4.59E-08	0.015
4.60E-08	0.0148
4.60E-08	0.0146
4.61E-08	0.0143
4.61E-08	0.014
4.62E-08	0.0136
4.62E-08	0.0132
4.63E-08	0.0128
4.63E-08	0.0123
4.64E-08	0.0119
4.64E-08	0.0114
4.65E-08	0.011
4.65E-08	0.0105
4.66E-08	0.0101
4.66E-08	0.0098
4.67E-08	0.0094
4.68E-08	0.0091
4.68E-08	0.0089
4.69E-08	0.0087
4.69E-08	0.0086
4.70E-08	0.0086
4.70E-08	0.0086
4.71E-08	0.0087
4.71E-08	0.0088
4.72E-08	0.009
4.72E-08	0.0092
4.73E-08	0.0095
4.73E-08	0.0098
4.74E-08	0.0102
4.74E-08	0.0105
4.75E-08	0.0109
4.75E-08	0.0113
4.76E-08	0.0117
4.76E-08	0.0121
4.77E-08	0.0125
4.77E-08	0.0129
4.78E-08	0.0132
4.78E-08	0.0135
4.79E-08	0.0137
4.79E-08	0.0139
4.80E-08	0.014
4.81E-08	0.0141
4.81E-08	0.0141
4.82E-08	0.0141
4.82E-08	0.014
4.83E-08	0.0138
4.83E-08	0.0136
4.84E-08	0.0133
4.84E-08	0.013
4.85E-08	0.0127
4.85E-08	0.0123
4.86E-08	0.0119
4.86E-08	0.0115
4.87E-08	0.0111
4.87E-08	0.0107
4.88E-08	0.0103
4.88E-08	0.0099
4.89E-08	0.0095
4.89E-08	0.0092
4.90E-08	0.0089
4.90E-08	0.0086
4.91E-08	0.0084
4.91E-08	0.0082
4.92E-08	0.0081
4.93E-08	0.0081
4.93E-08	0.0081
4.94E-08	0.0082
4.94E-08	0.0083
4.95E-08	0.0085
4.95E-08	0.0087
4.96E-08	0.0089
4.96E-08	0.0092
4.97E-08	0.0096
4.97E-08	0.0099
4.98E-08	0.0103
4.98E-08	0.0107
4.99E-08	0.011
4.99E-08	0.0114
5.00E-08	0.0117
5.00E-08	0.0121
5.01E-08	0.0124
5.01E-08	0.0126
5.02E-08	0.0128
5.02E-08	0.013
5.03E-08	0.0131
5.03E-08	0.0132
5.04E-08	0.0132
5.04E-08	0.0131
5.05E-08	0.013
5.06E-08	0.0129
5.06E-08	0.0127
5.07E-08	0.0124
5.07E-08	0.0122
5.08E-08	0.0118
5.08E-08	0.0115
5.09E-08	0.0111
5.09E-08	0.0108
5.10E-08	0.0104
5.10E-08	0.01
5.11E-08	0.0096
5.11E-08	0.0092
5.12E-08	0.0089
5.12E-08	0.0086
5.13E-08	0.0083
5.13E-08	0.0081
5.14E-08	0.0079
5.14E-08	0.0078
5.15E-08	0.0077
5.15E-08	0.0076
5.16E-08	0.0076
5.16E-08	0.0077
5.17E-08	0.0078
5.17E-08	0.008
5.18E-08	0.0082
5.19E-08	0.0084
5.19E-08	0.0087
5.20E-08	0.009
5.20E-08	0.0094
5.21E-08	0.0097
5.21E-08	0.01
5.22E-08	0.0104
5.22E-08	0.0107
5.23E-08	0.011
5.23E-08	0.0113
5.24E-08	0.0116
5.24E-08	0.0118
5.25E-08	0.012
5.25E-08	0.0122
5.26E-08	0.0123
5.26E-08	0.0123
5.27E-08	0.0123
5.27E-08	0.0123
5.28E-08	0.0122
5.28E-08	0.012
5.29E-08	0.0118
5.29E-08	0.0116
5.30E-08	0.0114
5.30E-08	0.0111
5.31E-08	0.0107
5.32E-08	0.0104
5.32E-08	0.01
5.33E-08	0.0097
5.33E-08	0.0093
5.34E-08	0.009
5.34E-08	0.0087
5.35E-08	0.0083
5.35E-08	0.0081
5.36E-08	0.0078
5.36E-08	0.0076
5.37E-08	0.0074
5.37E-08	0.0073
5.38E-08	0.0072
5.38E-08	0.0072
5.39E-08	0.0072
5.39E-08	0.0073
5.40E-08	0.0074
5.40E-08	0.0076
5.41E-08	0.0077
5.41E-08	0.008
5.42E-08	0.0082
5.42E-08	0.0085
5.43E-08	0.0088
5.43E-08	0.0091
5.44E-08	0.0094
5.45E-08	0.0098
5.45E-08	0.0101
5.46E-08	0.0103
5.46E-08	0.0106
5.47E-08	0.0109
5.47E-08	0.0111
5.48E-08	0.0112
5.48E-08	0.0114
5.49E-08	0.0115
5.49E-08	0.0115
5.50E-08	0.0115
5.50E-08	0.0115
5.51E-08	0.0114
5.51E-08	0.0112
5.52E-08	0.0111
5.52E-08	0.0109
5.53E-08	0.0106
5.53E-08	0.0103
5.54E-08	0.01
5.54E-08	0.0097
5.55E-08	0.0094
5.55E-08	0.0091
5.56E-08	0.0087
5.56E-08	0.0084
5.57E-08	0.0081
5.58E-08	0.0078
5.58E-08	0.0076
5.59E-08	0.0074
5.59E-08	0.0072
5.60E-08	0.007
5.60E-08	0.0069
5.61E-08	0.0068
5.61E-08	0.0068
5.62E-08	0.0068
5.62E-08	0.0069
5.63E-08	0.007
5.63E-08	0.0071
5.64E-08	0.0073
5.64E-08	0.0075
5.65E-08	0.0078
5.65E-08	0.008
5.66E-08	0.0083
5.66E-08	0.0086
5.67E-08	0.0089
5.67E-08	0.0092
5.68E-08	0.0095
5.68E-08	0.0097
5.69E-08	0.01
5.69E-08	0.0102
5.70E-08	0.0104
5.71E-08	0.0105
5.71E-08	0.0107
5.72E-08	0.0107
5.72E-08	0.0108
5.73E-08	0.0108
5.73E-08	0.0107
5.74E-08	0.0106
5.74E-08	0.0105
5.75E-08	0.0103
5.75E-08	0.0101
5.76E-08	0.0099
5.76E-08	0.0097
5.77E-08	0.0094
5.77E-08	0.0091
5.78E-08	0.0088
5.78E-08	0.0085
5.79E-08	0.0082
5.79E-08	0.0079
5.80E-08	0.0076
5.80E-08	0.0074
5.81E-08	0.0071
5.81E-08	0.0069
5.82E-08	0.0067
5.82E-08	0.0066
5.83E-08	0.0065
5.84E-08	0.0064
5.84E-08	0.0064
5.85E-08	0.0065
5.85E-08	0.0065
5.86E-08	0.0066
5.86E-08	0.0068
5.87E-08	0.0069
5.87E-08	0.0071
5.88E-08	0.0073
5.88E-08	0.0076
5.89E-08	0.0078
5.89E-08	0.0081
5.90E-08	0.0084
5.90E-08	0.0086
5.91E-08	0.0089
5.91E-08	0.0091
5.92E-08	0.0094
5.92E-08	0.0096
5.93E-08	0.0097
5.93E-08	0.0099
5.94E-08	0.01
5.94E-08	0.01
5.95E-08	0.0101
5.95E-08	0.0101
5.96E-08	0.01
5.97E-08	0.0099
5.97E-08	0.0098
5.98E-08	0.0097
5.98E-08	0.0095
5.99E-08	0.0093
5.99E-08	0.009
6.00E-08	0.0088
6.00E-08	0.0085
6.01E-08	0.0082
6.01E-08	0.008
6.02E-08	0.0077
6.02E-08	0.0074
6.03E-08	0.0072
6.03E-08	0.0069
6.04E-08	0.0067
6.04E-08	0.0065
6.05E-08	0.0064
6.05E-08	0.0062
6.06E-08	0.0061
6.06E-08	0.0061
6.07E-08	0.0061
6.07E-08	0.0061
6.08E-08	0.0062
6.09E-08	0.0063
6.09E-08	0.0064
6.10E-08	0.0065
6.10E-08	0.0067
6.11E-08	0.0069
6.11E-08	0.0072
6.12E-08	0.0074
6.12E-08	0.0076
6.13E-08	0.0079
6.13E-08	0.0081
6.14E-08	0.0084
6.14E-08	0.0086
6.15E-08	0.0088
6.15E-08	0.009
6.16E-08	0.0091
6.16E-08	0.0093
6.17E-08	0.0093
6.17E-08	0.0094
6.18E-08	0.0094
6.18E-08	0.0094
6.19E-08	0.0094
6.19E-08	0.0093
6.20E-08	0.0092
6.20E-08	0.009
6.21E-08	0.0089
6.22E-08	0.0087
6.22E-08	0.0084
6.23E-08	0.0082
6.23E-08	0.008
6.24E-08	0.0077
6.24E-08	0.0075
6.25E-08	0.0072
6.25E-08	0.0069
6.26E-08	0.0067
6.26E-08	0.0065
6.27E-08	0.0063
6.27E-08	0.0061
6.28E-08	0.006
6.28E-08	0.0059
6.29E-08	0.0058
6.29E-08	0.0058
6.30E-08	0.0057
6.30E-08	0.0058
6.31E-08	0.0058
6.31E-08	0.0059
6.32E-08	0.006
6.32E-08	0.0062
6.33E-08	0.0064
6.33E-08	0.0065
6.34E-08	0.0068
6.35E-08	0.007
6.35E-08	0.0072
6.36E-08	0.0074
6.36E-08	0.0076
6.37E-08	0.0079
6.37E-08	0.0081
6.38E-08	0.0083
6.38E-08	0.0084
6.39E-08	0.0086
6.39E-08	0.0087
6.40E-08	0.0088
6.40E-08	0.0088
6.41E-08	0.0088
6.41E-08	0.0088
6.42E-08	0.0088
6.42E-08	0.0087
6.43E-08	0.0086
6.43E-08	0.0085
6.44E-08	0.0083
6.44E-08	0.0081
6.45E-08	0.0079
6.45E-08	0.0077
6.46E-08	0.0075
6.46E-08	0.0072
6.47E-08	0.007
6.48E-08	0.0068
6.48E-08	0.0065
6.49E-08	0.0063
6.49E-08	0.0061
6.50E-08	0.0059
6.50E-08	0.0058
6.51E-08	0.0057
6.51E-08	0.0056
6.52E-08	0.0055
6.52E-08	0.0054
6.53E-08	0.0054
6.53E-08	0.0055
6.54E-08	0.0055
6.54E-08	0.0056
6.55E-08	0.0057
6.55E-08	0.0059
6.56E-08	0.006
6.56E-08	0.0062
6.57E-08	0.0064
6.57E-08	0.0066
6.58E-08	0.0068
6.58E-08	0.007
6.59E-08	0.0072
6.59E-08	0.0074
6.60E-08	0.0076
6.61E-08	0.0078
6.61E-08	0.0079
6.62E-08	0.008
6.62E-08	0.0081
6.63E-08	0.0082
6.63E-08	0.0083
6.64E-08	0.0083
6.64E-08	0.0083
6.65E-08	0.0082
6.65E-08	0.0081
6.66E-08	0.008
6.66E-08	0.0079
6.67E-08	0.0078
6.67E-08	0.0076
6.68E-08	0.0074
6.68E-08	0.0072
6.69E-08	0.007
6.69E-08	0.0068
6.70E-08	0.0066
6.70E-08	0.0063
6.71E-08	0.0061
6.71E-08	0.0059
6.72E-08	0.0058
6.72E-08	0.0056
6.73E-08	0.0054
6.74E-08	0.0053
6.74E-08	0.0052
6.75E-08	0.0052
6.75E-08	0.0051
6.76E-08	0.0051
6.76E-08	0.0052
6.77E-08	0.0052
6.77E-08	0.0053
6.78E-08	0.0054
6.78E-08	0.0055
6.79E-08	0.0057
6.79E-08	0.0058
6.80E-08	0.006
6.80E-08	0.0062
6.81E-08	0.0064
6.81E-08	0.0066
6.82E-08	0.0068
6.82E-08	0.007
6.83E-08	0.0071
6.83E-08	0.0073
6.84E-08	0.0074
6.84E-08	0.0075
6.85E-08	0.0076
6.85E-08	0.0077
6.86E-08	0.0077
6.87E-08	0.0078
6.87E-08	0.0077
6.88E-08	0.0077
6.88E-08	0.0076
6.89E-08	0.0075
6.89E-08	0.0074
6.90E-08	0.0073
6.90E-08	0.0071
6.91E-08	0.0069
6.91E-08	0.0067
6.92E-08	0.0065
6.92E-08	0.0063
6.93E-08	0.0061
6.93E-08	0.006
6.94E-08	0.0058
6.94E-08	0.0056
6.95E-08	0.0054
6.95E-08	0.0053
6.96E-08	0.0051
6.96E-08	0.005
6.97E-08	0.005
6.97E-08	0.0049
6.98E-08	0.0049
6.98E-08	0.0049
6.99E-08	0.0049
7.00E-08	0.0049
7.00E-08	0.005
7.01E-08	0.0051
7.01E-08	0.0052
7.02E-08	0.0054
7.02E-08	0.0055
7.03E-08	0.0057
7.03E-08	0.0059
7.04E-08	0.006
7.04E-08	0.0062
7.05E-08	0.0064
7.05E-08	0.0066
7.06E-08	0.0067
7.06E-08	0.0068
7.07E-08	0.007
7.07E-08	0.0071
7.08E-08	0.0072
7.08E-08	0.0072
7.09E-08	0.0073
7.09E-08	0.0073
7.10E-08	0.0073
7.10E-08	0.0072
7.11E-08	0.0071
7.11E-08	0.0071
7.12E-08	0.0069
7.13E-08	0.0068
7.13E-08	0.0067
7.14E-08	0.0065
7.14E-08	0.0063
7.15E-08	0.0061
7.15E-08	0.006
7.16E-08	0.0058
7.16E-08	0.0056
7.17E-08	0.0054
7.17E-08	0.0053
7.18E-08	0.0051
7.18E-08	0.005
7.19E-08	0.0048
7.19E-08	0.0048
7.20E-08	0.0047
7.20E-08	0.0046
7.21E-08	0.0046
7.21E-08	0.0046
7.22E-08	0.0046
7.22E-08	0.0047
7.23E-08	0.0048
7.23E-08	0.0048
7.24E-08	0.005
7.25E-08	0.0051
7.25E-08	0.0052
7.26E-08	0.0054
7.26E-08	0.0055
7.27E-08	0.0057
7.27E-08	0.0059
7.28E-08	0.006
7.28E-08	0.0062
7.29E-08	0.0063
7.29E-08	0.0064
7.30E-08	0.0066
7.30E-08	0.0066
7.31E-08	0.0067
7.31E-08	0.0068
7.32E-08	0.0068
7.32E-08	0.0068
7.33E-08	0.0068
7.33E-08	0.0068
7.34E-08	0.0067
7.34E-08	0.0066
7.35E-08	0.0065
7.35E-08	0.0064
7.36E-08	0.0062
7.36E-08	0.0061
7.37E-08	0.0059
7.38E-08	0.0058
7.38E-08	0.0056
7.39E-08	0.0054
7.39E-08	0.0053
7.40E-08	0.0051
7.40E-08	0.0049
7.41E-08	0.0048
7.41E-08	0.0047
7.42E-08	0.0046
7.42E-08	0.0045
7.43E-08	0.0044
7.43E-08	0.0044
7.44E-08	0.0044
7.44E-08	0.0044
7.45E-08	0.0044
7.45E-08	0.0044
7.46E-08	0.0045
7.46E-08	0.0046
7.47E-08	0.0047
7.47E-08	0.0048
7.48E-08	0.0049
7.48E-08	0.0051
7.49E-08	0.0052
7.49E-08	0.0054
7.50E-08	0.0055
7.51E-08	0.0057
7.51E-08	0.0058
7.52E-08	0.0059
7.52E-08	0.0061
7.53E-08	0.0062
7.53E-08	0.0062
7.54E-08	0.0063
7.54E-08	0.0064
7.55E-08	0.0064
7.55E-08	0.0064
7.56E-08	0.0064
7.56E-08	0.0063
7.57E-08	0.0063
7.57E-08	0.0062
7.58E-08	0.0061
7.58E-08	0.006
7.59E-08	0.0059
7.59E-08	0.0057
7.60E-08	0.0056
7.60E-08	0.0054
7.61E-08	0.0053
7.61E-08	0.0051
7.62E-08	0.0049
7.62E-08	0.0048
7.63E-08	0.0047
7.64E-08	0.0045
7.64E-08	0.0044
7.65E-08	0.0043
7.65E-08	0.0042
7.66E-08	0.0042
7.66E-08	0.0041
7.67E-08	0.0041
7.67E-08	0.0041
7.68E-08	0.0042
7.68E-08	0.0042
7.69E-08	0.0043
7.69E-08	0.0043
7.70E-08	0.0044
7.70E-08	0.0046
7.71E-08	0.0047
7.71E-08	0.0048
7.72E-08	0.0049
7.72E-08	0.0051
7.73E-08	0.0052
7.73E-08	0.0053
7.74E-08	0.0055
7.74E-08	0.0056
7.75E-08	0.0057
7.75E-08	0.0058
7.76E-08	0.0059
7.77E-08	0.0059
7.77E-08	0.006
7.78E-08	0.006
7.78E-08	0.006
7.79E-08	0.006
7.79E-08	0.0059
7.80E-08	0.0059
7.80E-08	0.0058
7.81E-08	0.0057
7.81E-08	0.0056
7.82E-08	0.0055
7.82E-08	0.0054
7.83E-08	0.0052
7.83E-08	0.0051
7.84E-08	0.0049
7.84E-08	0.0048
7.85E-08	0.0046
7.85E-08	0.0045
7.86E-08	0.0044
7.86E-08	0.0043
7.87E-08	0.0042
7.87E-08	0.0041
7.88E-08	0.004
7.88E-08	0.004
7.89E-08	0.0039
7.90E-08	0.0039
7.90E-08	0.0039
7.91E-08	0.0039
7.91E-08	0.004
7.92E-08	0.004
7.92E-08	0.0041
7.93E-08	0.0042
7.93E-08	0.0043
7.94E-08	0.0044
7.94E-08	0.0045
7.95E-08	0.0047
7.95E-08	0.0048
7.96E-08	0.0049
7.96E-08	0.005
7.97E-08	0.0052
7.97E-08	0.0053
7.98E-08	0.0054
7.98E-08	0.0054
7.99E-08	0.0055
7.99E-08	0.0056
8.00E-08	0.0056
8.00E-08	0.0056
8.01E-08	0.0056
8.01E-08	0.0056
8.02E-08	0.0056
8.03E-08	0.0055
8.03E-08	0.0054
8.04E-08	0.0054
8.04E-08	0.0053
8.05E-08	0.0051
8.05E-08	0.005
8.06E-08	0.0049
8.06E-08	0.0048
8.07E-08	0.0046
8.07E-08	0.0045
8.08E-08	0.0044
8.08E-08	0.0043
8.09E-08	0.0041
8.09E-08	0.004
8.10E-08	0.0039
8.10E-08	0.0039
8.11E-08	0.0038
8.11E-08	0.0037
8.12E-08	0.0037
8.12E-08	0.0037
8.13E-08	0.0037
8.13E-08	0.0037
8.14E-08	0.0038
8.14E-08	0.0038
8.15E-08	0.0039
8.16E-08	0.004
8.16E-08	0.0041
8.17E-08	0.0042
8.17E-08	0.0043
8.18E-08	0.0044
8.18E-08	0.0045
8.19E-08	0.0046
8.19E-08	0.0048
8.20E-08	0.0049
8.20E-08	0.005
8.21E-08	0.005
8.21E-08	0.0051
8.22E-08	0.0052
8.22E-08	0.0052
8.23E-08	0.0053
8.23E-08	0.0053
8.24E-08	0.0053
8.24E-08	0.0053
8.25E-08	0.0052
8.25E-08	0.0052
8.26E-08	0.0051
8.26E-08	0.005
8.27E-08	0.0049
8.28E-08	0.0048
8.28E-08	0.0047
8.29E-08	0.0046
8.29E-08	0.0045
8.30E-08	0.0044
8.30E-08	0.0042
8.31E-08	0.0041
8.31E-08	0.004
8.32E-08	0.0039
8.32E-08	0.0038
8.33E-08	0.0037
8.33E-08	0.0036
8.34E-08	0.0036
8.34E-08	0.0035
8.35E-08	0.0035
8.35E-08	0.0035
8.36E-08	0.0035
8.36E-08	0.0035
8.37E-08	0.0036
8.37E-08	0.0036
8.38E-08	0.0037
8.38E-08	0.0038
8.39E-08	0.0039
8.39E-08	0.004
8.40E-08	0.0041
8.41E-08	0.0042
8.41E-08	0.0043
8.42E-08	0.0044
8.42E-08	0.0045
8.43E-08	0.0046
8.43E-08	0.0047
8.44E-08	0.0048
8.44E-08	0.0048
8.45E-08	0.0049
8.45E-08	0.0049
8.46E-08	0.005
8.46E-08	0.005
8.47E-08	0.005
8.47E-08	0.0049
8.48E-08	0.0049
8.48E-08	0.0049
8.49E-08	0.0048
8.49E-08	0.0047
8.50E-08	0.0046
8.50E-08	0.0045
8.51E-08	0.0044
8.51E-08	0.0043
8.52E-08	0.0042
8.52E-08	0.0041
8.53E-08	0.004
8.54E-08	0.0039
8.54E-08	0.0038
8.55E-08	0.0037
8.55E-08	0.0036
8.56E-08	0.0035
8.56E-08	0.0034
8.57E-08	0.0034
8.57E-08	0.0034
8.58E-08	0.0033
8.58E-08	0.0033
8.59E-08	0.0033
8.59E-08	0.0034
8.60E-08	0.0034
8.60E-08	0.0034
8.61E-08	0.0035
8.61E-08	0.0036
8.62E-08	0.0037
8.62E-08	0.0038
8.63E-08	0.0038
8.63E-08	0.0039
8.64E-08	0.004
8.64E-08	0.0041
8.65E-08	0.0042
8.65E-08	0.0043
8.66E-08	0.0044
8.67E-08	0.0045
8.67E-08	0.0045
8.68E-08	0.0046
8.68E-08	0.0046
8.69E-08	0.0047
8.69E-08	0.0047
8.70E-08	0.0047
8.70E-08	0.0046
8.71E-08	0.0046
8.71E-08	0.0046
8.72E-08	0.0045
8.72E-08	0.0044
8.73E-08	0.0044
8.73E-08	0.0043
8.74E-08	0.0042
8.74E-08	0.0041
8.75E-08	0.004
8.75E-08	0.0039
8.76E-08	0.0038
8.76E-08	0.0037
8.77E-08	0.0036
8.77E-08	0.0035
8.78E-08	0.0034
8.78E-08	0.0033
8.79E-08	0.0033
8.80E-08	0.0032
8.80E-08	0.0032
8.81E-08	0.0032
8.81E-08	0.0032
8.82E-08	0.0032
8.82E-08	0.0032
8.83E-08	0.0032
8.83E-08	0.0033
8.84E-08	0.0033
8.84E-08	0.0034
8.85E-08	0.0035
8.85E-08	0.0036
8.86E-08	0.0036
8.86E-08	0.0037
8.87E-08	0.0038
8.87E-08	0.0039
8.88E-08	0.004
8.88E-08	0.0041
8.89E-08	0.0041
8.89E-08	0.0042
8.90E-08	0.0043
8.90E-08	0.0043
8.91E-08	0.0044
8.91E-08	0.0044
8.92E-08	0.0044
8.93E-08	0.0044
8.93E-08	0.0044
8.94E-08	0.0043
8.94E-08	0.0043
8.95E-08	0.0042
8.95E-08	0.0042
8.96E-08	0.0041
8.96E-08	0.004
8.97E-08	0.0039
8.97E-08	0.0038
8.98E-08	0.0037
8.98E-08	0.0036
8.99E-08	0.0035
8.99E-08	0.0034
9.00E-08	0.0034
9.00E-08	0.0033
9.01E-08	0.0032
9.01E-08	0.0031
9.02E-08	0.0031
9.02E-08	0.003
9.03E-08	0.003
9.03E-08	0.003
9.04E-08	0.003
9.04E-08	0.003
9.05E-08	0.003
9.06E-08	0.0031
9.06E-08	0.0031
9.07E-08	0.0032
9.07E-08	0.0032
9.08E-08	0.0033
9.08E-08	0.0034
9.09E-08	0.0034
9.09E-08	0.0035
9.10E-08	0.0036
9.10E-08	0.0037
9.11E-08	0.0038
9.11E-08	0.0038
9.12E-08	0.0039
9.12E-08	0.004
9.13E-08	0.004
9.13E-08	0.0041
9.14E-08	0.0041
9.14E-08	0.0041
9.15E-08	0.0041
9.15E-08	0.0041
9.16E-08	0.0041
9.16E-08	0.0041
9.17E-08	0.004
9.17E-08	0.004
9.18E-08	0.0039
9.19E-08	0.0038
9.19E-08	0.0038
9.20E-08	0.0037
9.20E-08	0.0036
9.21E-08	0.0035
9.21E-08	0.0034
9.22E-08	0.0033
9.22E-08	0.0033
9.23E-08	0.0032
9.23E-08	0.0031
9.24E-08	0.003
9.24E-08	0.003
9.25E-08	0.0029
9.25E-08	0.0029
9.26E-08	0.0029
9.26E-08	0.0028
9.27E-08	0.0028
9.27E-08	0.0028
9.28E-08	0.0029
9.28E-08	0.0029
9.29E-08	0.0029
9.29E-08	0.003
9.30E-08	0.0031
9.30E-08	0.0031
9.31E-08	0.0032
9.32E-08	0.0033
9.32E-08	0.0033
9.33E-08	0.0034
9.33E-08	0.0035
9.34E-08	0.0036
9.34E-08	0.0036
9.35E-08	0.0037
9.35E-08	0.0037
9.36E-08	0.0038
9.36E-08	0.0038
9.37E-08	0.0039
9.37E-08	0.0039
9.38E-08	0.0039
9.38E-08	0.0039
9.39E-08	0.0039
9.39E-08	0.0038
9.40E-08	0.0038
9.40E-08	0.0037
9.41E-08	0.0037
9.41E-08	0.0036
9.42E-08	0.0035
9.42E-08	0.0035
9.43E-08	0.0034
9.44E-08	0.0033
9.44E-08	0.0032
9.45E-08	0.0031
9.45E-08	0.0031
9.46E-08	0.003
9.46E-08	0.0029
9.47E-08	0.0029
9.47E-08	0.0028
9.48E-08	0.0028
9.48E-08	0.0027
9.49E-08	0.0027
9.49E-08	0.0027
9.50E-08	0.0027
9.50E-08	0.0027
9.51E-08	0.0027
9.51E-08	0.0028
9.52E-08	0.0028
9.52E-08	0.0028
9.53E-08	0.0029
9.53E-08	0.003
9.54E-08	0.003
9.54E-08	0.0031
9.55E-08	0.0032
9.55E-08	0.0032
9.56E-08	0.0033
9.57E-08	0.0034
9.57E-08	0.0034
9.58E-08	0.0035
9.58E-08	0.0035
9.59E-08	0.0036
9.59E-08	0.0036
9.60E-08	0.0036
9.60E-08	0.0036
9.61E-08	0.0036
9.61E-08	0.0036
9.62E-08	0.0036
9.62E-08	0.0036
9.63E-08	0.0036
9.63E-08	0.0035
9.64E-08	0.0035
9.64E-08	0.0034
9.65E-08	0.0033
9.65E-08	0.0033
9.66E-08	0.0032
9.66E-08	0.0031
9.67E-08	0.003
9.67E-08	0.003
9.68E-08	0.0029
9.68E-08	0.0028
9.69E-08	0.0028
9.70E-08	0.0027
9.70E-08	0.0027
9.71E-08	0.0026
9.71E-08	0.0026
9.72E-08	0.0026
9.72E-08	0.0026
9.73E-08	0.0026
9.73E-08	0.0026
9.74E-08	0.0026
9.74E-08	0.0026
9.75E-08	0.0027
9.75E-08	0.0027
9.76E-08	0.0027
9.76E-08	0.0028
9.77E-08	0.0029
9.77E-08	0.0029
9.78E-08	0.003
9.78E-08	0.0031
9.79E-08	0.0031
9.79E-08	0.0032
9.80E-08	0.0032
9.80E-08	0.0033
9.81E-08	0.0033
9.81E-08	0.0034
9.82E-08	0.0034
9.83E-08	0.0034
9.83E-08	0.0034
9.84E-08	0.0034
9.84E-08	0.0034
9.85E-08	0.0034
9.85E-08	0.0034
9.86E-08	0.0033
9.86E-08	0.0033
9.87E-08	0.0033
9.87E-08	0.0032
9.88E-08	0.0031
9.88E-08	0.0031
9.89E-08	0.003
9.89E-08	0.0029
9.90E-08	0.0029
9.90E-08	0.0028
9.91E-08	0.0027
9.91E-08	0.0027
9.92E-08	0.0026
9.92E-08	0.0026
9.93E-08	0.0025
9.93E-08	0.0025
9.94E-08	0.0025
9.94E-08	0.0024
9.95E-08	0.0024
9.96E-08	0.0024
9.96E-08	0.0024
9.97E-08	0.0025
9.97E-08	0.0025
9.98E-08	0.0025
9.98E-08	0.0026
9.99E-08	0.0026
9.99E-08	0.0027
1.00E-07	0.0027
1.00E-07	0.0028
1.00E-07	0.0028
1.00E-07	0.0029
1.00E-07	0.0029
1.00E-07	0.003
1.00E-07	0.0031
1.00E-07	0.0031
1.00E-07	0.0031
1.00E-07	0.0032
1.00E-07	0.0032
1.01E-07	0.0032
1.01E-07	0.0032
1.01E-07	0.0032
1.01E-07	0.0032
1.01E-07	0.0032
1.01E-07	0.0032
1.01E-07	0.0032
1.01E-07	0.0031
1.01E-07	0.0031
1.01E-07	0.003
1.01E-07	0.003
1.01E-07	0.0029
1.01E-07	0.0028
1.01E-07	0.0028
1.01E-07	0.0027
1.01E-07	0.0026
1.01E-07	0.0026
1.01E-07	0.0025
1.01E-07	0.0025
1.02E-07	0.0024
1.02E-07	0.0024
1.02E-07	0.0024
1.02E-07	0.0023
1.02E-07	0.0023
1.02E-07	0.0023
1.02E-07	0.0023
1.02E-07	0.0023
1.02E-07	0.0023
1.02E-07	0.0024
1.02E-07	0.0024
1.02E-07	0.0024
1.02E-07	0.0025
1.02E-07	0.0025
1.02E-07	0.0026
1.02E-07	0.0026
1.02E-07	0.0027
1.02E-07	0.0027
1.02E-07	0.0028
1.03E-07	0.0028
1.03E-07	0.0029
1.03E-07	0.0029
1.03E-07	0.003
1.03E-07	0.003
1.03E-07	0.003
1.03E-07	0.003
1.03E-07	0.003
1.03E-07	0.003
1.03E-07	0.003
1.03E-07	0.003
1.03E-07	0.003
1.03E-07	0.003
1.03E-07	0.0029
1.03E-07	0.0029
1.03E-07	0.0028
1.03E-07	0.0028
1.03E-07	0.0027
1.03E-07	0.0027
1.04E-07	0.0026
1.04E-07	0.0026
1.04E-07	0.0025
1.04E-07	0.0024
1.04E-07	0.0024
1.04E-07	0.0023
1.04E-07	0.0023
1.04E-07	0.0023
1.04E-07	0.0022
1.04E-07	0.0022
1.04E-07	0.0022
1.04E-07	0.0022
1.04E-07	0.0022
1.04E-07	0.0022
1.04E-07	0.0022
1.04E-07	0.0022
1.04E-07	0.0023
1.04E-07	0.0023
1.04E-07	0.0023
1.04E-07	0.0024
1.05E-07	0.0024
1.05E-07	0.0025
1.05E-07	0.0025
1.05E-07	0.0026
1.05E-07	0.0026
1.05E-07	0.0027
1.05E-07	0.0027
1.05E-07	0.0028
1.05E-07	0.0028
1.05E-07	0.0028
1.05E-07	0.0028
1.05E-07	0.0029
1.05E-07	0.0029
1.05E-07	0.0029
1.05E-07	0.0029
1.05E-07	0.0028
1.05E-07	0.0028
1.05E-07	0.0028
1.05E-07	0.0028
1.06E-07	0.0027
1.06E-07	0.0027
1.06E-07	0.0026
1.06E-07	0.0026
1.06E-07	0.0025
1.06E-07	0.0025
1.06E-07	0.0024
1.06E-07	0.0024
1.06E-07	0.0023
1.06E-07	0.0023
1.06E-07	0.0022
1.06E-07	0.0022
1.06E-07	0.0021
1.06E-07	0.0021
1.06E-07	0.0021
1.06E-07	0.0021
1.06E-07	0.0021
1.06E-07	0.0021
1.06E-07	0.0021
1.07E-07	0.0021
1.07E-07	0.0021
1.07E-07	0.0022
1.07E-07	0.0022
1.07E-07	0.0022
1.07E-07	0.0023
1.07E-07	0.0023
1.07E-07	0.0024
1.07E-07	0.0024
1.07E-07	0.0024
1.07E-07	0.0025
1.07E-07	0.0025
1.07E-07	0.0026
1.07E-07	0.0026
1.07E-07	0.0026
1.07E-07	0.0027
1.07E-07	0.0027
1.07E-07	0.0027
1.07E-07	0.0027
1.08E-07	0.0027
1.08E-07	0.0027
1.08E-07	0.0027
1.08E-07	0.0027
1.08E-07	0.0026
1.08E-07	0.0026
1.08E-07	0.0026
1.08E-07	0.0025
1.08E-07	0.0025
1.08E-07	0.0024
1.08E-07	0.0024
1.08E-07	0.0023
1.08E-07	0.0023
1.08E-07	0.0022
1.08E-07	0.0022
1.08E-07	0.0021
1.08E-07	0.0021
1.08E-07	0.0021
1.08E-07	0.002
1.08E-07	0.002
1.09E-07	0.002
1.09E-07	0.002
1.09E-07	0.002
1.09E-07	0.002
1.09E-07	0.002
1.09E-07	0.002
1.09E-07	0.002
1.09E-07	0.002
1.09E-07	0.0021
1.09E-07	0.0021
1.09E-07	0.0022
1.09E-07	0.0022
1.09E-07	0.0022
1.09E-07	0.0023
1.09E-07	0.0023
1.09E-07	0.0024
1.09E-07	0.0024
1.09E-07	0.0024
1.09E-07	0.0025
1.10E-07	0.0025
1.10E-07	0.0025
1.10E-07	0.0025
1.10E-07	0.0025
1.10E-07	0.0026
1.10E-07	0.0025
1.10E-07	0.0025
1.10E-07	0.0025
1.10E-07	0.0025
1.10E-07	0.0025
1.10E-07	0.0025
1.10E-07	0.0024
1.10E-07	0.0024
1.10E-07	0.0023
1.10E-07	0.0023
1.10E-07	0.0022
1.10E-07	0.0022
1.10E-07	0.0022
1.10E-07	0.0021
1.11E-07	0.0021
1.11E-07	0.002
1.11E-07	0.002
1.11E-07	0.002
1.11E-07	0.0019
1.11E-07	0.0019
1.11E-07	0.0019
1.11E-07	0.0019
1.11E-07	0.0019
1.11E-07	0.0019
1.11E-07	0.0019
1.11E-07	0.0019
1.11E-07	0.0019
1.11E-07	0.0019
1.11E-07	0.002
1.11E-07	0.002
1.11E-07	0.002
1.11E-07	0.0021
1.11E-07	0.0021
1.12E-07	0.0022
1.12E-07	0.0022
1.12E-07	0.0022
1.12E-07	0.0023
1.12E-07	0.0023
1.12E-07	0.0023
1.12E-07	0.0024
1.12E-07	0.0024
1.12E-07	0.0024
1.12E-07	0.0024
1.12E-07	0.0024
1.12E-07	0.0024
1.12E-07	0.0024
1.12E-07	0.0024
1.12E-07	0.0024
1.12E-07	0.0023
1.12E-07	0.0023
1.12E-07	0.0023
1.12E-07	0.0022
1.13E-07	0.0022
1.13E-07	0.0022
1.13E-07	0.0021
1.13E-07	0.0021
1.13E-07	0.002
1.13E-07	0.002
1.13E-07	0.002
1.13E-07	0.0019
1.13E-07	0.0019
1.13E-07	0.0019
1.13E-07	0.0018
1.13E-07	0.0018
1.13E-07	0.0018
1.13E-07	0.0018
1.13E-07	0.0018
1.13E-07	0.0018
1.13E-07	0.0018
1.13E-07	0.0018
1.13E-07	0.0018
1.13E-07	0.0019
1.14E-07	0.0019
1.14E-07	0.0019
1.14E-07	0.0019
1.14E-07	0.002
1.14E-07	0.002
1.14E-07	0.002
1.14E-07	0.0021
1.14E-07	0.0021
1.14E-07	0.0021
1.14E-07	0.0022
1.14E-07	0.0022
1.14E-07	0.0022
1.14E-07	0.0022
1.14E-07	0.0023
1.14E-07	0.0023
1.14E-07	0.0023
1.14E-07	0.0023
1.14E-07	0.0023
1.14E-07	0.0022
1.15E-07	0.0022
1.15E-07	0.0022
1.15E-07	0.0022
1.15E-07	0.0022
1.15E-07	0.0021
1.15E-07	0.0021
1.15E-07	0.002
1.15E-07	0.002
1.15E-07	0.002
1.15E-07	0.0019
1.15E-07	0.0019
1.15E-07	0.0019
1.15E-07	0.0018
1.15E-07	0.0018
1.15E-07	0.0018
1.15E-07	0.0017
1.15E-07	0.0017
1.15E-07	0.0017
1.15E-07	0.0017
1.16E-07	0.0017
1.16E-07	0.0017
1.16E-07	0.0017
1.16E-07	0.0017
1.16E-07	0.0017
1.16E-07	0.0018
1.16E-07	0.0018
1.16E-07	0.0018
1.16E-07	0.0018
1.16E-07	0.0019
1.16E-07	0.0019
1.16E-07	0.0019
1.16E-07	0.002
1.16E-07	0.002
1.16E-07	0.002
1.16E-07	0.0021
1.16E-07	0.0021
1.16E-07	0.0021
1.16E-07	0.0021
1.17E-07	0.0021
1.17E-07	0.0021
1.17E-07	0.0021
1.17E-07	0.0021
1.17E-07	0.0021
1.17E-07	0.0021
1.17E-07	0.0021
1.17E-07	0.0021
1.17E-07	0.0021
1.17E-07	0.002
1.17E-07	0.002
1.17E-07	0.002
1.17E-07	0.0019
1.17E-07	0.0019
1.17E-07	0.0019
1.17E-07	0.0018
1.17E-07	0.0018
1.17E-07	0.0018
1.17E-07	0.0017
1.17E-07	0.0017
1.18E-07	0.0017
1.18E-07	0.0017
1.18E-07	0.0016
1.18E-07	0.0016
1.18E-07	0.0016
1.18E-07	0.0016
1.18E-07	0.0016
1.18E-07	0.0016
1.18E-07	0.0016
1.18E-07	0.0017
1.18E-07	0.0017
1.18E-07	0.0017
1.18E-07	0.0017
1.18E-07	0.0018
1.18E-07	0.0018
1.18E-07	0.0018
1.18E-07	0.0018
1.18E-07	0.0019
1.18E-07	0.0019
1.19E-07	0.0019
1.19E-07	0.002
1.19E-07	0.002
1.19E-07	0.002
1.19E-07	0.002
1.19E-07	0.002
1.19E-07	0.002
1.19E-07	0.002
1.19E-07	0.002
1.19E-07	0.002
1.19E-07	0.002
1.19E-07	0.002
1.19E-07	0.002
1.19E-07	0.0019
1.19E-07	0.0019
1.19E-07	0.0019
1.19E-07	0.0019
1.19E-07	0.0018
1.19E-07	0.0018
1.20E-07	0.0018
1.20E-07	0.0017
1.20E-07	0.0017
1.20E-07	0.0017
1.20E-07	0.0016
1.20E-07	0.0016
1.20E-07	0.0016
1.20E-07	0.0016
1.20E-07	0.0016
1.20E-07	0.0015
1.20E-07	0.0015
1.20E-07	0.0015
1.20E-07	0.0015
1.20E-07	0.0015
1.20E-07	0.0016
1.20E-07	0.0016
1.20E-07	0.0016
1.20E-07	0.0016
1.20E-07	0.0016
1.21E-07	0.0017
1.21E-07	0.0017
1.21E-07	0.0017
1.21E-07	0.0017
1.21E-07	0.0018
1.21E-07	0.0018
1.21E-07	0.0018
1.21E-07	0.0018
1.21E-07	0.0019
1.21E-07	0.0019
1.21E-07	0.0019
1.21E-07	0.0019
1.21E-07	0.0019
1.21E-07	0.0019
1.21E-07	0.0019
1.21E-07	0.0019
1.21E-07	0.0019
1.21E-07	0.0019
1.21E-07	0.0019
1.22E-07	0.0018
1.22E-07	0.0018
1.22E-07	0.0018
1.22E-07	0.0018
1.22E-07	0.0017
1.22E-07	0.0017
1.22E-07	0.0017
1.22E-07	0.0016
1.22E-07	0.0016
1.22E-07	0.0016
1.22E-07	0.0016
1.22E-07	0.0015
1.22E-07	0.0015
1.22E-07	0.0015
1.22E-07	0.0015
1.22E-07	0.0015
1.22E-07	0.0015
1.22E-07	0.0015
1.22E-07	0.0015
1.22E-07	0.0015
1.23E-07	0.0015
1.23E-07	0.0015
1.23E-07	0.0015
1.23E-07	0.0015
1.23E-07	0.0016
1.23E-07	0.0016
1.23E-07	0.0016
1.23E-07	0.0016
1.23E-07	0.0017
1.23E-07	0.0017
1.23E-07	0.0017
1.23E-07	0.0017
1.23E-07	0.0018
1.23E-07	0.0018
1.23E-07	0.0018
1.23E-07	0.0018
1.23E-07	0.0018
1.23E-07	0.0018
1.23E-07	0.0018
1.24E-07	0.0018
1.24E-07	0.0018
1.24E-07	0.0018
1.24E-07	0.0018
1.24E-07	0.0018
1.24E-07	0.0017
1.24E-07	0.0017
1.24E-07	0.0017
1.24E-07	0.0017
1.24E-07	0.0016
1.24E-07	0.0016
1.24E-07	0.0016
1.24E-07	0.0016
1.24E-07	0.0015
1.24E-07	0.0015
1.24E-07	0.0015
1.24E-07	0.0015
1.24E-07	0.0014
1.24E-07	0.0014
1.25E-07	0.0014
1.25E-07	0.0014
1.25E-07	0.0014
1.25E-07	0.0014
1.25E-07	0.0014
1.25E-07	0.0014
1.25E-07	0.0014
1.25E-07	0.0014
1.25E-07	0.0014
1.25E-07	0.0015
1.25E-07	0.0015
1.25E-07	0.0015
1.25E-07	0.0015
1.25E-07	0.0016
1.25E-07	0.0016
1.25E-07	0.0016
1.25E-07	0.0016
1.25E-07	0.0016
1.25E-07	0.0017
1.26E-07	0.0017
1.26E-07	0.0017
1.26E-07	0.0017
1.26E-07	0.0017
1.26E-07	0.0017
1.26E-07	0.0017
1.26E-07	0.0017
1.26E-07	0.0017
1.26E-07	0.0017
1.26E-07	0.0017
1.26E-07	0.0017
1.26E-07	0.0016
1.26E-07	0.0016
1.26E-07	0.0016
1.26E-07	0.0016
1.26E-07	0.0015
1.26E-07	0.0015
1.26E-07	0.0015
1.26E-07	0.0015
1.26E-07	0.0014
1.27E-07	0.0014
1.27E-07	0.0014
1.27E-07	0.0014
1.27E-07	0.0014
1.27E-07	0.0014
1.27E-07	0.0013
1.27E-07	0.0013
1.27E-07	0.0013
1.27E-07	0.0013
1.27E-07	0.0013
1.27E-07	0.0013
1.27E-07	0.0013
1.27E-07	0.0014
1.27E-07	0.0014
1.27E-07	0.0014
1.27E-07	0.0014
1.27E-07	0.0014
1.27E-07	0.0015
1.27E-07	0.0015
1.28E-07	0.0015
1.28E-07	0.0015
1.28E-07	0.0015
1.28E-07	0.0016
1.28E-07	0.0016
1.28E-07	0.0016
1.28E-07	0.0016
1.28E-07	0.0016
1.28E-07	0.0016
1.28E-07	0.0016
1.28E-07	0.0016
1.28E-07	0.0016
1.28E-07	0.0016
1.28E-07	0.0016
1.28E-07	0.0016
1.28E-07	0.0016
1.28E-07	0.0016
1.28E-07	0.0015
1.28E-07	0.0015
1.29E-07	0.0015
1.29E-07	0.0015
1.29E-07	0.0014
1.29E-07	0.0014
1.29E-07	0.0014
1.29E-07	0.0014
1.29E-07	0.0014
1.29E-07	0.0013
1.29E-07	0.0013
1.29E-07	0.0013
1.29E-07	0.0013
1.29E-07	0.0013
1.29E-07	0.0013
1.29E-07	0.0013
1.29E-07	0.0013
1.29E-07	0.0013
1.29E-07	0.0013
1.29E-07	0.0013
1.29E-07	0.0013
1.30E-07	0.0013
1.30E-07	0.0013
1.30E-07	0.0013
1.30E-07	0.0014
1.30E-07	0.0014
1.30E-07	0.0014
1.30E-07	0.0014
1.30E-07	0.0014
1.30E-07	0.0015
1.30E-07	0.0015
1.30E-07	0.0015
1.30E-07	0.0015
1.30E-07	0.0015
1.30E-07	0.0015
1.30E-07	0.0015
1.30E-07	0.0015
1.30E-07	0.0015
1.30E-07	0.0015
1.30E-07	0.0015
1.31E-07	0.0015
1.31E-07	0.0015
1.31E-07	0.0015
1.31E-07	0.0015
1.31E-07	0.0015
1.31E-07	0.0014
1.31E-07	0.0014
1.31E-07	0.0014
1.31E-07	0.0014
1.31E-07	0.0013
1.31E-07	0.0013
1.31E-07	0.0013
1.31E-07	0.0013
1.31E-07	0.0013
1.31E-07	0.0012
1.31E-07	0.0012
1.31E-07	0.0012
1.31E-07	0.0012
1.31E-07	0.0012
1.31E-07	0.0012
1.32E-07	0.0012
1.32E-07	0.0012
1.32E-07	0.0012
1.32E-07	0.0012
1.32E-07	0.0012
1.32E-07	0.0012
1.32E-07	0.0013
1.32E-07	0.0013
1.32E-07	0.0013
1.32E-07	0.0013
1.32E-07	0.0013
1.32E-07	0.0014
1.32E-07	0.0014
1.32E-07	0.0014
1.32E-07	0.0014
1.32E-07	0.0014
1.32E-07	0.0014
1.32E-07	0.0014
1.32E-07	0.0014
1.33E-07	0.0014
1.33E-07	0.0015
1.33E-07	0.0015
1.33E-07	0.0014
1.33E-07	0.0014
1.33E-07	0.0014
1.33E-07	0.0014
1.33E-07	0.0014
1.33E-07	0.0014
1.33E-07	0.0014
1.33E-07	0.0014
1.33E-07	0.0013
1.33E-07	0.0013
1.33E-07	0.0013
1.33E-07	0.0013
1.33E-07	0.0013
1.33E-07	0.0012
1.33E-07	0.0012
1.33E-07	0.0012
1.34E-07	0.0012
1.34E-07	0.0012
1.34E-07	0.0012
1.34E-07	0.0012
1.34E-07	0.0012
1.34E-07	0.0012
1.34E-07	0.0012
1.34E-07	0.0012
1.34E-07	0.0012
1.34E-07	0.0012
1.34E-07	0.0012
1.34E-07	0.0012
1.34E-07	0.0012
1.34E-07	0.0012
1.34E-07	0.0012
1.34E-07	0.0013
1.34E-07	0.0013
1.34E-07	0.0013
1.34E-07	0.0013
1.35E-07	0.0013
1.35E-07	0.0013
1.35E-07	0.0013
1.35E-07	0.0014
1.35E-07	0.0014
1.35E-07	0.0014
1.35E-07	0.0014
1.35E-07	0.0014
1.35E-07	0.0014
1.35E-07	0.0014
1.35E-07	0.0014
1.35E-07	0.0014
1.35E-07	0.0013
1.35E-07	0.0013
1.35E-07	0.0013
1.35E-07	0.0013
1.35E-07	0.0013
1.35E-07	0.0013
1.35E-07	0.0013
1.35E-07	0.0012
1.36E-07	0.0012
1.36E-07	0.0012
1.36E-07	0.0012
1.36E-07	0.0012
1.36E-07	0.0011
1.36E-07	0.0011
1.36E-07	0.0011
1.36E-07	0.0011
1.36E-07	0.0011
1.36E-07	0.0011
1.36E-07	0.0011
1.36E-07	0.0011
1.36E-07	0.0011
1.36E-07	0.0011
1.36E-07	0.0011
1.36E-07	0.0011
1.36E-07	0.0011
1.36E-07	0.0011
1.36E-07	0.0012
1.37E-07	0.0012
1.37E-07	0.0012
1.37E-07	0.0012
1.37E-07	0.0012
1.37E-07	0.0012
1.37E-07	0.0013
1.37E-07	0.0013
1.37E-07	0.0013
1.37E-07	0.0013
1.37E-07	0.0013
1.37E-07	0.0013
1.37E-07	0.0013
1.37E-07	0.0013
1.37E-07	0.0013
1.37E-07	0.0013
1.37E-07	0.0013
1.37E-07	0.0013
1.37E-07	0.0013
1.37E-07	0.0013
1.38E-07	0.0013
1.38E-07	0.0012
1.38E-07	0.0012
1.38E-07	0.0012
1.38E-07	0.0012
1.38E-07	0.0012
1.38E-07	0.0012
1.38E-07	0.0011
1.38E-07	0.0011
1.38E-07	0.0011
1.38E-07	0.0011
1.38E-07	0.0011
1.38E-07	0.0011
1.38E-07	0.0011
1.38E-07	0.0011
1.38E-07	0.0011
1.38E-07	0.001
1.38E-07	0.001
1.38E-07	0.0011
1.39E-07	0.0011
1.39E-07	0.0011
1.39E-07	0.0011
1.39E-07	0.0011
1.39E-07	0.0011
1.39E-07	0.0011
1.39E-07	0.0011
1.39E-07	0.0011
1.39E-07	0.0011
1.39E-07	0.0012
1.39E-07	0.0012
1.39E-07	0.0012
1.39E-07	0.0012
1.39E-07	0.0012
1.39E-07	0.0012
1.39E-07	0.0012
1.39E-07	0.0012
1.39E-07	0.0012
1.39E-07	0.0012
1.40E-07	0.0012
1.40E-07	0.0012
1.40E-07	0.0012
1.40E-07	0.0012
1.40E-07	0.0012
1.40E-07	0.0012
1.40E-07	0.0012
1.40E-07	0.0012
1.40E-07	0.0012
1.40E-07	0.0011
1.40E-07	0.0011
1.40E-07	0.0011
1.40E-07	0.0011
1.40E-07	0.0011
1.40E-07	0.0011
1.40E-07	0.0011
1.40E-07	0.001
1.40E-07	0.001
1.40E-07	0.001
1.40E-07	0.001
1.41E-07	0.001
1.41E-07	0.001
1.41E-07	0.001
1.41E-07	0.001
1.41E-07	0.001
1.41E-07	0.001
1.41E-07	0.001
1.41E-07	0.001
1.41E-07	0.001
1.41E-07	0.001
1.41E-07	0.0011
1.41E-07	0.0011
1.41E-07	0.0011
1.41E-07	0.0011
1.41E-07	0.0011
1.41E-07	0.0011
1.41E-07	0.0011
1.41E-07	0.0011
1.41E-07	0.0012
1.42E-07	0.0012
1.42E-07	0.0012
1.42E-07	0.0012
1.42E-07	0.0012
1.42E-07	0.0012
1.42E-07	0.0012
1.42E-07	0.0012
1.42E-07	0.0012
1.42E-07	0.0012
1.42E-07	0.0012
1.42E-07	0.0011
1.42E-07	0.0011
1.42E-07	0.0011
1.42E-07	0.0011
1.42E-07	0.0011
1.42E-07	0.0011
1.42E-07	0.0011
1.42E-07	0.001
1.42E-07	0.001
1.43E-07	0.001
1.43E-07	0.001
1.43E-07	0.001
1.43E-07	0.001
1.43E-07	0.001
1.43E-07	0.001
1.43E-07	0.001
1.43E-07	0.001
1.43E-07	0.001
1.43E-07	0.001
1.43E-07	0.001
1.43E-07	0.001
1.43E-07	0.001
1.43E-07	0.001
1.43E-07	0.001
1.43E-07	0.001
1.43E-07	0.001
1.43E-07	0.001
1.43E-07	0.001
1.44E-07	0.001
1.44E-07	0.0011
1.44E-07	0.0011
1.44E-07	0.0011
1.44E-07	0.0011
1.44E-07	0.0011
1.44E-07	0.0011
1.44E-07	0.0011
1.44E-07	0.0011
1.44E-07	0.0011
1.44E-07	0.0011
1.44E-07	0.0011
1.44E-07	0.0011
1.44E-07	0.0011
1.44E-07	0.0011
1.44E-07	0.0011
1.44E-07	0.0011
1.44E-07	0.0011
1.44E-07	0.0011
1.44E-07	0.001
1.45E-07	0.001
1.45E-07	0.001
1.45E-07	0.001
1.45E-07	0.001
1.45E-07	0.001
1.45E-07	0.001
1.45E-07	0.001
1.45E-07	0.0009
1.45E-07	0.0009
1.45E-07	0.0009
1.45E-07	0.0009
1.45E-07	0.0009
1.45E-07	0.0009
1.45E-07	0.0009
1.45E-07	0.0009
1.45E-07	0.0009
1.45E-07	0.0009
1.45E-07	0.0009
1.45E-07	0.0009
1.46E-07	0.0009
1.46E-07	0.001
1.46E-07	0.001
1.46E-07	0.001
1.46E-07	0.001
1.46E-07	0.001
1.46E-07	0.001
1.46E-07	0.001
1.46E-07	0.001
1.46E-07	0.001
1.46E-07	0.001
1.46E-07	0.001
1.46E-07	0.0011
1.46E-07	0.0011
1.46E-07	0.0011
1.46E-07	0.0011
1.46E-07	0.0011
1.46E-07	0.0011
1.46E-07	0.0011
1.47E-07	0.001
1.47E-07	0.001
1.47E-07	0.001
1.47E-07	0.001
1.47E-07	0.001
1.47E-07	0.001
1.47E-07	0.001
1.47E-07	0.001
1.47E-07	0.001
1.47E-07	0.0009
1.47E-07	0.0009
1.47E-07	0.0009
1.47E-07	0.0009
1.47E-07	0.0009
1.47E-07	0.0009
1.47E-07	0.0009
1.47E-07	0.0009
1.47E-07	0.0009
1.47E-07	0.0009
1.48E-07	0.0009
1.48E-07	0.0009
1.48E-07	0.0009
1.48E-07	0.0009
1.48E-07	0.0009
1.48E-07	0.0009
1.48E-07	0.0009
1.48E-07	0.0009
1.48E-07	0.0009
1.48E-07	0.0009
1.48E-07	0.0009
1.48E-07	0.0009
1.48E-07	0.001
1.48E-07	0.001
1.48E-07	0.001
1.48E-07	0.001
1.48E-07	0.001
1.48E-07	0.001
1.48E-07	0.001
1.49E-07	0.001
1.49E-07	0.001
1.49E-07	0.001
1.49E-07	0.001
1.49E-07	0.001
1.49E-07	0.001
1.49E-07	0.001
1.49E-07	0.001
1.49E-07	0.001
1.49E-07	0.001
1.49E-07	0.001
1.49E-07	0.0009
1.49E-07	0.0009
1.49E-07	0.0009
1.49E-07	0.0009
1.49E-07	0.0009
1.49E-07	0.0009
1.49E-07	0.0009
1.49E-07	0.0009
1.49E-07	0.0009
1.50E-07	0.0009
1.50E-07	0.0008
1.50E-07	0.0008
1.50E-07	0.0008
1.50E-07	0.0008
1.50E-07	0.0008
1.50E-07	0.0008
1.50E-07	0.0008
1.50E-07	0.0008
1.50E-07	0.0008
1.50E-07	0.0009
1.50E-07	0.0009
1.50E-07	0.0009
1.50E-07	0.0009
1.50E-07	0.0009
1.50E-07	0.0009
1.50E-07	0.0009
1.50E-07	0.0009
1.50E-07	0.0009
1.51E-07	0.0009
1.51E-07	0.0009
1.51E-07	0.0009
1.51E-07	0.001
1.51E-07	0.001
1.51E-07	0.001
1.51E-07	0.001
1.51E-07	0.001
1.51E-07	0.001
1.51E-07	0.001
1.51E-07	0.001
1.51E-07	0.0009
1.51E-07	0.0009
1.51E-07	0.0009
1.51E-07	0.0009
1.51E-07	0.0009
1.51E-07	0.0009
1.51E-07	0.0009
1.51E-07	0.0009
1.52E-07	0.0009
1.52E-07	0.0009
1.52E-07	0.0009
1.52E-07	0.0008
1.52E-07	0.0008
1.52E-07	0.0008
1.52E-07	0.0008
1.52E-07	0.0008
1.52E-07	0.0008
1.52E-07	0.0008
1.52E-07	0.0008
1.52E-07	0.0008
1.52E-07	0.0008
1.52E-07	0.0008
1.52E-07	0.0008
1.52E-07	0.0008
1.52E-07	0.0008
1.52E-07	0.0008
1.52E-07	0.0008
1.53E-07	0.0008
1.53E-07	0.0008
1.53E-07	0.0009
1.53E-07	0.0009
1.53E-07	0.0009
1.53E-07	0.0009
1.53E-07	0.0009
1.53E-07	0.0009
1.53E-07	0.0009
1.53E-07	0.0009
1.53E-07	0.0009
1.53E-07	0.0009
1.53E-07	0.0009
1.53E-07	0.0009
1.53E-07	0.0009
1.53E-07	0.0009
1.53E-07	0.0009
1.53E-07	0.0009
1.53E-07	0.0009
1.53E-07	0.0009
1.54E-07	0.0009
1.54E-07	0.0009
1.54E-07	0.0009
1.54E-07	0.0009
1.54E-07	0.0008
1.54E-07	0.0008
1.54E-07	0.0008
1.54E-07	0.0008
1.54E-07	0.0008
1.54E-07	0.0008
1.54E-07	0.0008
1.54E-07	0.0008
1.54E-07	0.0008
1.54E-07	0.0008
1.54E-07	0.0008
1.54E-07	0.0008
1.54E-07	0.0008
1.54E-07	0.0008
1.54E-07	0.0008
1.55E-07	0.0008
1.55E-07	0.0008
1.55E-07	0.0008
1.55E-07	0.0008
1.55E-07	0.0008
1.55E-07	0.0008
1.55E-07	0.0008
1.55E-07	0.0008
1.55E-07	0.0008
1.55E-07	0.0008
1.55E-07	0.0008
1.55E-07	0.0008
1.55E-07	0.0009
1.55E-07	0.0009
1.55E-07	0.0009
1.55E-07	0.0009
1.55E-07	0.0009
1.55E-07	0.0009
1.55E-07	0.0009
1.56E-07	0.0009
1.56E-07	0.0009
1.56E-07	0.0009
1.56E-07	0.0009
1.56E-07	0.0009
1.56E-07	0.0008
1.56E-07	0.0008
1.56E-07	0.0008
1.56E-07	0.0008
1.56E-07	0.0008
1.56E-07	0.0008
1.56E-07	0.0008
1.56E-07	0.0008
1.56E-07	0.0008
1.56E-07	0.0008
1.56E-07	0.0008
1.56E-07	0.0008
1.56E-07	0.0007
1.56E-07	0.0007
1.57E-07	0.0007
1.57E-07	0.0007
1.57E-07	0.0007
1.57E-07	0.0007
1.57E-07	0.0007
1.57E-07	0.0007
1.57E-07	0.0007
1.57E-07	0.0007
1.57E-07	0.0008
1.57E-07	0.0008
1.57E-07	0.0008
1.57E-07	0.0008
1.57E-07	0.0008
1.57E-07	0.0008
1.57E-07	0.0008
1.57E-07	0.0008
1.57E-07	0.0008
1.57E-07	0.0008
1.57E-07	0.0008
1.58E-07	0.0008
1.58E-07	0.0008
1.58E-07	0.0008
1.58E-07	0.0008
1.58E-07	0.0008
1.58E-07	0.0008
1.58E-07	0.0008
1.58E-07	0.0008
1.58E-07	0.0008
1.58E-07	0.0008
1.58E-07	0.0008
1.58E-07	0.0008
1.58E-07	0.0008
1.58E-07	0.0008
1.58E-07	0.0008
1.58E-07	0.0008
1.58E-07	0.0008
1.58E-07	0.0008
1.58E-07	0.0007
1.58E-07	0.0007
1.59E-07	0.0007
1.59E-07	0.0007
1.59E-07	0.0007
1.59E-07	0.0007
1.59E-07	0.0007
1.59E-07	0.0007
1.59E-07	0.0007
1.59E-07	0.0007
1.59E-07	0.0007
1.59E-07	0.0007
1.59E-07	0.0007
1.59E-07	0.0007
1.59E-07	0.0007
1.59E-07	0.0007
1.59E-07	0.0007
1.59E-07	0.0007
1.59E-07	0.0007
1.59E-07	0.0007
1.59E-07	0.0007
1.60E-07	0.0008
1.60E-07	0.0008
1.60E-07	0.0008
1.60E-07	0.0008
1.60E-07	0.0008
1.60E-07	0.0008
1.60E-07	0.0008
1.60E-07	0.0008
1.60E-07	0.0008
1.60E-07	0.0008
1.60E-07	0.0008
1.60E-07	0.0008
1.60E-07	0.0008
1.60E-07	0.0008
1.60E-07	0.0008
1.60E-07	0.0008
1.60E-07	0.0008
1.60E-07	0.0008
1.60E-07	0.0008
1.61E-07	0.0007
1.61E-07	0.0007
1.61E-07	0.0007
1.61E-07	0.0007
1.61E-07	0.0007
1.61E-07	0.0007
1.61E-07	0.0007
1.61E-07	0.0007
1.61E-07	0.0007
1.61E-07	0.0007
1.61E-07	0.0007
1.61E-07	0.0007
1.61E-07	0.0007
1.61E-07	0.0007
1.61E-07	0.0007
1.61E-07	0.0007
1.61E-07	0.0007
1.61E-07	0.0007
1.61E-07	0.0007
1.62E-07	0.0007
1.62E-07	0.0007
1.62E-07	0.0007
1.62E-07	0.0007
1.62E-07	0.0007
1.62E-07	0.0007
1.62E-07	0.0007
1.62E-07	0.0007
1.62E-07	0.0007
1.62E-07	0.0007
1.62E-07	0.0007
1.62E-07	0.0007
1.62E-07	0.0008
1.62E-07	0.0008
1.62E-07	0.0008
1.62E-07	0.0008
1.62E-07	0.0008
1.62E-07	0.0008
1.62E-07	0.0008
1.62E-07	0.0007
1.63E-07	0.0007
1.63E-07	0.0007
1.63E-07	0.0007
1.63E-07	0.0007
1.63E-07	0.0007
1.63E-07	0.0007
1.63E-07	0.0007
1.63E-07	0.0007
1.63E-07	0.0007
1.63E-07	0.0007
1.63E-07	0.0007
1.63E-07	0.0007
1.63E-07	0.0007
1.63E-07	0.0007
1.63E-07	0.0007
1.63E-07	0.0007
1.63E-07	0.0007
1.63E-07	0.0007
1.63E-07	0.0006
1.64E-07	0.0006
1.64E-07	0.0007
1.64E-07	0.0007
1.64E-07	0.0007
1.64E-07	0.0007
1.64E-07	0.0007
1.64E-07	0.0007
1.64E-07	0.0007
1.64E-07	0.0007
1.64E-07	0.0007
1.64E-07	0.0007
1.64E-07	0.0007
1.64E-07	0.0007
1.64E-07	0.0007
1.64E-07	0.0007
1.64E-07	0.0007
1.64E-07	0.0007
1.64E-07	0.0007
1.64E-07	0.0007
1.65E-07	0.0007
1.65E-07	0.0007
1.65E-07	0.0007
1.65E-07	0.0007
1.65E-07	0.0007
1.65E-07	0.0007
1.65E-07	0.0007
1.65E-07	0.0007
1.65E-07	0.0007
1.65E-07	0.0007
1.65E-07	0.0007
1.65E-07	0.0007
1.65E-07	0.0007
1.65E-07	0.0007
1.65E-07	0.0007
1.65E-07	0.0007
1.65E-07	0.0007
1.65E-07	0.0006
1.65E-07	0.0006
1.66E-07	0.0006
1.66E-07	0.0006
1.66E-07	0.0006
1.66E-07	0.0006
1.66E-07	0.0006
1.66E-07	0.0006
1.66E-07	0.0006
1.66E-07	0.0006
1.66E-07	0.0006
1.66E-07	0.0006
1.66E-07	0.0006
1.66E-07	0.0006
1.66E-07	0.0006
1.66E-07	0.0006
1.66E-07	0.0006
1.66E-07	0.0007
1.66E-07	0.0007
1.66E-07	0.0007
1.66E-07	0.0007
1.67E-07	0.0007
1.67E-07	0.0007
1.67E-07	0.0007
1.67E-07	0.0007
1.67E-07	0.0007
1.67E-07	0.0007
1.67E-07	0.0007
1.67E-07	0.0007
1.67E-07	0.0007
1.67E-07	0.0007
1.67E-07	0.0007
1.67E-07	0.0007
1.67E-07	0.0007
1.67E-07	0.0007
1.67E-07	0.0007
1.67E-07	0.0007
1.67E-07	0.0007
1.67E-07	0.0007
1.67E-07	0.0006
1.67E-07	0.0006
1.68E-07	0.0006
1.68E-07	0.0006
1.68E-07	0.0006
1.68E-07	0.0006
1.68E-07	0.0006
1.68E-07	0.0006
1.68E-07	0.0006
1.68E-07	0.0006
1.68E-07	0.0006
1.68E-07	0.0006
1.68E-07	0.0006
1.68E-07	0.0006
1.68E-07	0.0006
1.68E-07	0.0006
1.68E-07	0.0006
1.68E-07	0.0006
1.68E-07	0.0006
1.68E-07	0.0006
1.68E-07	0.0006
1.69E-07	0.0006
1.69E-07	0.0006
1.69E-07	0.0006
1.69E-07	0.0006
1.69E-07	0.0006
1.69E-07	0.0006
1.69E-07	0.0006
1.69E-07	0.0007
1.69E-07	0.0007
1.69E-07	0.0007
1.69E-07	0.0007
1.69E-07	0.0007
1.69E-07	0.0007
1.69E-07	0.0007
1.69E-07	0.0007
1.69E-07	0.0007
1.69E-07	0.0007
1.69E-07	0.0007
1.69E-07	0.0006
1.70E-07	0.0006
1.70E-07	0.0006
1.70E-07	0.0006
1.70E-07	0.0006
1.70E-07	0.0006
1.70E-07	0.0006
1.70E-07	0.0006
1.70E-07	0.0006
1.70E-07	0.0006
1.70E-07	0.0006
1.70E-07	0.0006
1.70E-07	0.0006
1.70E-07	0.0006
1.70E-07	0.0006
1.70E-07	0.0006
1.70E-07	0.0006
1.70E-07	0.0006
1.70E-07	0.0006
1.70E-07	0.0006
1.71E-07	0.0006
1.71E-07	0.0006
1.71E-07	0.0006
1.71E-07	0.0006
1.71E-07	0.0006
1.71E-07	0.0006
1.71E-07	0.0006
1.71E-07	0.0006
1.71E-07	0.0006
1.71E-07	0.0006
1.71E-07	0.0006
1.71E-07	0.0006
1.71E-07	0.0006
1.71E-07	0.0006
1.71E-07	0.0006
1.71E-07	0.0006
1.71E-07	0.0006
1.71E-07	0.0006
1.71E-07	0.0006
1.71E-07	0.0006
1.72E-07	0.0006
1.72E-07	0.0006
1.72E-07	0.0006
1.72E-07	0.0006
1.72E-07	0.0006
1.72E-07	0.0006
1.72E-07	0.0006
1.72E-07	0.0006
1.72E-07	0.0006
1.72E-07	0.0006
1.72E-07	0.0006
1.72E-07	0.0006
1.72E-07	0.0006
1.72E-07	0.0006
1.72E-07	0.0006
1.72E-07	0.0006
1.72E-07	0.0006
1.72E-07	0.0006
1.72E-07	0.0006
1.73E-07	0.0006
1.73E-07	0.0006
1.73E-07	0.0006
1.73E-07	0.0006
1.73E-07	0.0006
1.73E-07	0.0006
1.73E-07	0.0006
1.73E-07	0.0006
1.73E-07	0.0006
1.73E-07	0.0006
1.73E-07	0.0006
1.73E-07	0.0006
1.73E-07	0.0006
1.73E-07	0.0006
1.73E-07	0.0006
1.73E-07	0.0006
1.73E-07	0.0006
1.73E-07	0.0006
1.73E-07	0.0006
1.74E-07	0.0006
1.74E-07	0.0006
1.74E-07	0.0006
1.74E-07	0.0006
1.74E-07	0.0006
1.74E-07	0.0006
1.74E-07	0.0006
1.74E-07	0.0006
1.74E-07	0.0006
1.74E-07	0.0006
1.74E-07	0.0006
1.74E-07	0.0006
1.74E-07	0.0006
1.74E-07	0.0006
1.74E-07	0.0006
1.74E-07	0.0006
1.74E-07	0.0006
1.74E-07	0.0006
1.74E-07	0.0006
1.75E-07	0.0006
1.75E-07	0.0005
1.75E-07	0.0005
1.75E-07	0.0005
1.75E-07	0.0005
1.75E-07	0.0005
1.75E-07	0.0005
1.75E-07	0.0005
1.75E-07	0.0005
1.75E-07	0.0005
1.75E-07	0.0005
1.75E-07	0.0005
1.75E-07	0.0005
1.75E-07	0.0005
1.75E-07	0.0005
1.75E-07	0.0005
1.75E-07	0.0005
1.75E-07	0.0006
1.75E-07	0.0006
1.75E-07	0.0006
1.76E-07	0.0006
1.76E-07	0.0006
1.76E-07	0.0006
1.76E-07	0.0006
1.76E-07	0.0006
1.76E-07	0.0006
1.76E-07	0.0006
1.76E-07	0.0006
1.76E-07	0.0006
1.76E-07	0.0006
1.76E-07	0.0006
1.76E-07	0.0006
1.76E-07	0.0006
1.76E-07	0.0006
1.76E-07	0.0006
1.76E-07	0.0006
1.76E-07	0.0006
1.76E-07	0.0006
1.76E-07	0.0006
1.77E-07	0.0006
1.77E-07	0.0005
1.77E-07	0.0005
1.77E-07	0.0005
1.77E-07	0.0005
1.77E-07	0.0005
1.77E-07	0.0005
1.77E-07	0.0005
1.77E-07	0.0005
1.77E-07	0.0005
1.77E-07	0.0005
1.77E-07	0.0005
1.77E-07	0.0005
1.77E-07	0.0005
1.77E-07	0.0005
1.77E-07	0.0005
1.77E-07	0.0005
1.77E-07	0.0005
1.77E-07	0.0005
1.78E-07	0.0005
1.78E-07	0.0005
1.78E-07	0.0005
1.78E-07	0.0005
1.78E-07	0.0005
1.78E-07	0.0005
1.78E-07	0.0005
1.78E-07	0.0005
1.78E-07	0.0005
1.78E-07	0.0006
1.78E-07	0.0006
1.78E-07	0.0006
1.78E-07	0.0006
1.78E-07	0.0006
1.78E-07	0.0006
1.78E-07	0.0006
1.78E-07	0.0006
1.78E-07	0.0006
1.78E-07	0.0006
1.79E-07	0.0006
1.79E-07	0.0005
1.79E-07	0.0005
1.79E-07	0.0005
1.79E-07	0.0005
1.79E-07	0.0005
1.79E-07	0.0005
1.79E-07	0.0005
1.79E-07	0.0005
1.79E-07	0.0005
1.79E-07	0.0005
1.79E-07	0.0005
1.79E-07	0.0005
1.79E-07	0.0005
1.79E-07	0.0005
1.79E-07	0.0005
1.79E-07	0.0005
1.79E-07	0.0005
1.79E-07	0.0005
1.80E-07	0.0005
1.80E-07	0.0005
1.80E-07	0.0005
1.80E-07	0.0005
1.80E-07	0.0005
1.80E-07	0.0005
1.80E-07	0.0005
1.80E-07	0.0005
1.80E-07	0.0005
1.80E-07	0.0005
1.80E-07	0.0005
1.80E-07	0.0005
1.80E-07	0.0005
1.80E-07	0.0005
1.80E-07	0.0005
1.80E-07	0.0005
1.80E-07	0.0005
1.80E-07	0.0005
1.80E-07	0.0005
1.80E-07	0.0005
1.81E-07	0.0005
1.81E-07	0.0005
1.81E-07	0.0005
1.81E-07	0.0005
1.81E-07	0.0005
1.81E-07	0.0005
1.81E-07	0.0005
1.81E-07	0.0005
1.81E-07	0.0005
1.81E-07	0.0005
1.81E-07	0.0005
1.81E-07	0.0005
1.81E-07	0.0005
1.81E-07	0.0005
1.81E-07	0.0005
1.81E-07	0.0005
1.81E-07	0.0005
1.81E-07	0.0005
1.81E-07	0.0005
1.82E-07	0.0005
1.82E-07	0.0005
1.82E-07	0.0005
1.82E-07	0.0005
1.82E-07	0.0005
1.82E-07	0.0005
1.82E-07	0.0005
1.82E-07	0.0005
1.82E-07	0.0005
1.82E-07	0.0005
1.82E-07	0.0005
1.82E-07	0.0005
1.82E-07	0.0005
1.82E-07	0.0005
1.82E-07	0.0005
1.82E-07	0.0005
1.82E-07	0.0005
1.82E-07	0.0005
1.82E-07	0.0005
1.83E-07	0.0005
1.83E-07	0.0005
1.83E-07	0.0005
1.83E-07	0.0005
1.83E-07	0.0005
1.83E-07	0.0005
1.83E-07	0.0005
1.83E-07	0.0005
1.83E-07	0.0005
1.83E-07	0.0005
1.83E-07	0.0005
1.83E-07	0.0005
1.83E-07	0.0005
1.83E-07	0.0005
1.83E-07	0.0005
1.83E-07	0.0005
1.83E-07	0.0005
1.83E-07	0.0005
1.83E-07	0.0005
1.84E-07	0.0005
1.84E-07	0.0005
1.84E-07	0.0005
1.84E-07	0.0005
1.84E-07	0.0005
1.84E-07	0.0005
1.84E-07	0.0005
1.84E-07	0.0005
1.84E-07	0.0005
1.84E-07	0.0005
1.84E-07	0.0005
1.84E-07	0.0005
1.84E-07	0.0005
1.84E-07	0.0005
1.84E-07	0.0005
1.84E-07	0.0005
1.84E-07	0.0005
1.84E-07	0.0005
1.84E-07	0.0005
1.84E-07	0.0005
1.85E-07	0.0005
1.85E-07	0.0005
1.85E-07	0.0005
1.85E-07	0.0005
1.85E-07	0.0005
1.85E-07	0.0005
1.85E-07	0.0005
1.85E-07	0.0005
1.85E-07	0.0005
1.85E-07	0.0005
1.85E-07	0.0005
1.85E-07	0.0005
1.85E-07	0.0005
1.85E-07	0.0005
1.85E-07	0.0005
1.85E-07	0.0005
1.85E-07	0.0005
1.85E-07	0.0005
1.85E-07	0.0005
1.86E-07	0.0005
1.86E-07	0.0005
1.86E-07	0.0005
1.86E-07	0.0005
1.86E-07	0.0005
1.86E-07	0.0005
1.86E-07	0.0005
1.86E-07	0.0005
1.86E-07	0.0005
1.86E-07	0.0005
1.86E-07	0.0005
1.86E-07	0.0005
1.86E-07	0.0004
1.86E-07	0.0004
1.86E-07	0.0004
1.86E-07	0.0004
1.86E-07	0.0004
1.86E-07	0.0004
1.86E-07	0.0004
1.87E-07	0.0004
1.87E-07	0.0004
1.87E-07	0.0005
1.87E-07	0.0005
1.87E-07	0.0005
1.87E-07	0.0005
1.87E-07	0.0005
1.87E-07	0.0005
1.87E-07	0.0005
1.87E-07	0.0005
1.87E-07	0.0005
1.87E-07	0.0005
1.87E-07	0.0005
1.87E-07	0.0005
1.87E-07	0.0005
1.87E-07	0.0005
1.87E-07	0.0005
1.87E-07	0.0005
1.87E-07	0.0005
1.88E-07	0.0005
1.88E-07	0.0005
1.88E-07	0.0005
1.88E-07	0.0005
1.88E-07	0.0005
1.88E-07	0.0005
1.88E-07	0.0005
1.88E-07	0.0005
1.88E-07	0.0005
1.88E-07	0.0005
1.88E-07	0.0005
1.88E-07	0.0005
1.88E-07	0.0004
1.88E-07	0.0004
1.88E-07	0.0004
1.88E-07	0.0004
1.88E-07	0.0004
1.88E-07	0.0004
1.88E-07	0.0004
1.89E-07	0.0004
1.89E-07	0.0004
1.89E-07	0.0004
1.89E-07	0.0004
1.89E-07	0.0004
1.89E-07	0.0004
1.89E-07	0.0004
1.89E-07	0.0004
1.89E-07	0.0004
1.89E-07	0.0004
1.89E-07	0.0004
1.89E-07	0.0004
1.89E-07	0.0004
1.89E-07	0.0004
1.89E-07	0.0004
1.89E-07	0.0005
1.89E-07	0.0005
1.89E-07	0.0005
1.89E-07	0.0005
1.89E-07	0.0005
1.90E-07	0.0005
1.90E-07	0.0005
1.90E-07	0.0005
1.90E-07	0.0005
1.90E-07	0.0005
1.90E-07	0.0005
1.90E-07	0.0005
1.90E-07	0.0005
1.90E-07	0.0005
1.90E-07	0.0005
1.90E-07	0.0005
1.90E-07	0.0004
1.90E-07	0.0004
1.90E-07	0.0004
1.90E-07	0.0004
1.90E-07	0.0004
1.90E-07	0.0004
1.90E-07	0.0004
1.90E-07	0.0004
1.91E-07	0.0004
1.91E-07	0.0004
1.91E-07	0.0004
1.91E-07	0.0004
1.91E-07	0.0004
1.91E-07	0.0004
1.91E-07	0.0004
1.91E-07	0.0004
1.91E-07	0.0004
1.91E-07	0.0004
1.91E-07	0.0004
1.91E-07	0.0004
1.91E-07	0.0004
1.91E-07	0.0004
1.91E-07	0.0004
1.91E-07	0.0004
1.91E-07	0.0004
1.91E-07	0.0004
1.91E-07	0.0004
1.92E-07	0.0004
1.92E-07	0.0004
1.92E-07	0.0004
1.92E-07	0.0004
1.92E-07	0.0004
1.92E-07	0.0004
1.92E-07	0.0004
1.92E-07	0.0004
1.92E-07	0.0004
1.92E-07	0.0004
1.92E-07	0.0004
1.92E-07	0.0004
1.92E-07	0.0004
1.92E-07	0.0004
1.92E-07	0.0004
1.92E-07	0.0004
1.92E-07	0.0004
1.92E-07	0.0004
1.92E-07	0.0004
1.93E-07	0.0004
1.93E-07	0.0004
1.93E-07	0.0004
1.93E-07	0.0004
1.93E-07	0.0004
1.93E-07	0.0004
1.93E-07	0.0004
1.93E-07	0.0004
1.93E-07	0.0004
1.93E-07	0.0004
1.93E-07	0.0004
1.93E-07	0.0004
1.93E-07	0.0004
1.93E-07	0.0004
1.93E-07	0.0004
1.93E-07	0.0004
1.93E-07	0.0004
1.93E-07	0.0004
1.93E-07	0.0004
1.93E-07	0.0004
1.94E-07	0.0004
1.94E-07	0.0004
1.94E-07	0.0004
1.94E-07	0.0004
1.94E-07	0.0004
1.94E-07	0.0004
1.94E-07	0.0004
1.94E-07	0.0004
1.94E-07	0.0004
1.94E-07	0.0004
1.94E-07	0.0004
1.94E-07	0.0004
1.94E-07	0.0004
1.94E-07	0.0004
1.94E-07	0.0004
1.94E-07	0.0004
1.94E-07	0.0004
1.94E-07	0.0004
1.94E-07	0.0004
1.95E-07	0.0004
1.95E-07	0.0004
1.95E-07	0.0004
1.95E-07	0.0004
1.95E-07	0.0004
1.95E-07	0.0004
1.95E-07	0.0004
1.95E-07	0.0004
1.95E-07	0.0004
1.95E-07	0.0004
1.95E-07	0.0004
1.95E-07	0.0004
1.95E-07	0.0004
1.95E-07	0.0004
1.95E-07	0.0004
1.95E-07	0.0004
1.95E-07	0.0004
1.95E-07	0.0004
1.95E-07	0.0004
1.96E-07	0.0004
1.96E-07	0.0004
1.96E-07	0.0004
1.96E-07	0.0004
1.96E-07	0.0004
1.96E-07	0.0004
1.96E-07	0.0004
1.96E-07	0.0004
1.96E-07	0.0004
1.96E-07	0.0004
1.96E-07	0.0004
1.96E-07	0.0004
1.96E-07	0.0004
1.96E-07	0.0004
1.96E-07	0.0004
1.96E-07	0.0004
1.96E-07	0.0004
1.96E-07	0.0004
1.96E-07	0.0004
1.97E-07	0.0004
1.97E-07	0.0004
1.97E-07	0.0004
1.97E-07	0.0004
1.97E-07	0.0004
1.97E-07	0.0004
1.97E-07	0.0004
1.97E-07	0.0004
1.97E-07	0.0004
1.97E-07	0.0004
1.97E-07	0.0004
1.97E-07	0.0004
1.97E-07	0.0004
1.97E-07	0.0004
1.97E-07	0.0004
1.97E-07	0.0004
1.97E-07	0.0004
1.97E-07	0.0004
1.97E-07	0.0004
1.98E-07	0.0004
1.98E-07	0.0004
1.98E-07	0.0004
1.98E-07	0.0004
1.98E-07	0.0004
1.98E-07	0.0004
1.98E-07	0.0004
1.98E-07	0.0004
1.98E-07	0.0004
1.98E-07	0.0004
1.98E-07	0.0004
1.98E-07	0.0004
1.98E-07	0.0004
1.98E-07	0.0004
1.98E-07	0.0004
1.98E-07	0.0004
1.98E-07	0.0004
1.98E-07	0.0004
1.98E-07	0.0004
1.98E-07	0.0004
1.99E-07	0.0004
1.99E-07	0.0004
1.99E-07	0.0004
1.99E-07	0.0004
1.99E-07	0.0004
1.99E-07	0.0004
1.99E-07	0.0004
1.99E-07	0.0004
1.99E-07	0.0004
1.99E-07	0.0004
1.99E-07	0.0004
1.99E-07	0.0004
1.99E-07	0.0004
1.99E-07	0.0004
1.99E-07	0.0004
1.99E-07	0.0004
1.99E-07	0.0004
1.99E-07	0.0004
1.99E-07	0.0004
2.00E-07	0.0004
2.00E-07	0.0004
2.00E-07	0.0004
2.00E-07	0.0004
2.00E-07	0.0004
2.00E-07	0.0004
2.00E-07	0.0004
2.00E-07	0.0004
2.00E-07	0.0004
2.00E-07	0.0004
