-5.700000	-0.082529
-5.650000	-0.096233
-5.600000	-0.103085
-5.550000	-0.111650
-5.500000	-0.075678
-5.450000	-0.019150
-5.400000	0.035663
-5.350000	0.097330
-5.300000	0.160709
-5.250000	0.277190
-5.200000	0.376541
-5.150000	0.446772
-5.100000	0.540984
-5.050000	0.640336
-5.000000	0.707141
-4.950000	0.753390
-4.900000	0.796214
-4.850000	0.768807
-4.800000	0.719131
-4.750000	0.618067
-4.700000	0.481031
-4.650000	0.349133
-4.600000	0.203533
-4.550000	0.030525
-4.500000	-0.108224
-4.450000	-0.257251
-4.400000	-0.368592
-4.350000	-0.414842
-4.300000	-0.435398
-4.250000	-0.461092
-4.200000	-0.431972
-4.150000	-0.399426
-4.100000	-0.327482
-4.050000	-0.252112
-4.000000	-0.190445
-3.950000	-0.139057
-3.900000	-0.111649
-3.850000	-0.142483
-3.800000	-0.152761
-3.750000	-0.181881
-3.700000	-0.274380
-3.650000	-0.346325
-3.600000	-0.409703
-3.550000	-0.442249
-3.500000	-0.462805
-3.450000	-0.452527
-3.400000	-0.365167
-3.350000	-0.248686
-3.300000	-0.137344
-3.250000	-0.000309
-3.200000	0.148719
-3.150000	0.251495
-3.100000	0.330291
-3.050000	0.357698
-3.000000	0.349133
-2.950000	0.294319
-2.900000	0.244644
-2.850000	0.164135
-2.800000	0.090478
-2.750000	0.035664
-2.700000	-0.010586
-2.650000	-0.036280
-2.600000	-0.022576
-2.550000	-0.000308
-2.500000	0.069923
-2.450000	0.148719
-2.400000	0.203533
-2.350000	0.266912
-2.300000	0.314875
-2.250000	0.330292
-2.200000	0.326866
-2.150000	0.272051
-2.100000	0.191542
-2.050000	0.097330
-2.000000	0.044228
-1.950000	0.025386
-1.900000	0.020247
-1.850000	0.030524
-1.800000	0.097330
-1.750000	0.116173
-1.700000	0.157283
-1.650000	0.227514
-1.600000	0.278903
-1.550000	0.280615
-1.500000	0.239505
-1.450000	0.196681
-1.400000	0.160709
-1.350000	0.066497
-1.300000	-0.024289
-1.250000	-0.096233
-1.200000	-0.173316
-1.150000	-0.262389
-1.100000	-0.312066
-1.050000	-0.332620
-1.000000	-0.341186
-0.950000	-0.303500
-0.900000	-0.243548
-0.850000	-0.241834
-0.800000	-0.229844
-0.750000	-0.221279
-0.700000	-0.236696
-0.650000	-0.257251
-0.600000	-0.274381
-0.550000	-0.291510
-0.500000	-0.298361
-0.450000	-0.284658
-0.400000	-0.241834
-0.350000	-0.197297
-0.300000	-0.145909
-0.250000	-0.111650
-0.200000	-0.084243
-0.150000	-0.055123
-0.100000	-0.053410
-0.050000	-0.043132
0.000000	-0.060262
0.050000	-0.068826
0.100000	-0.094521
0.150000	-0.108224
0.200000	-0.125354
0.250000	-0.130493
0.300000	-0.132206
0.350000	-0.104798
0.400000	-0.072252
0.450000	-0.020864
0.500000	0.003118
0.550000	0.042516
0.600000	0.068209
0.650000	0.100756
0.700000	0.141867
0.750000	0.217237
0.800000	0.355985
0.850000	0.599224
0.900000	1.061721
0.950000	1.762318
1.000000	2.838050
1.050000	4.347159
1.100000	6.354737
1.150000	8.869348
1.200000	11.926963
1.250000	15.501895
1.300000	19.493065
1.350000	23.833676
1.400000	28.323317
1.450000	32.826662
1.500000	37.150152
1.550000	41.170442
1.600000	44.738522
1.650000	47.794432
1.700000	50.291902
1.750000	52.225822
1.800000	53.692112
1.850000	54.709602
1.900000	55.410192
1.950000	55.882972
2.000000	56.222142
2.050000	56.566442
2.100000	56.996392
2.150000	57.570232
2.200000	58.234852
2.250000	59.039932
2.300000	59.887852
2.350000	60.766602
2.400000	61.648772
2.450000	62.378482
2.500000	62.933482
2.550000	63.274362
2.600000	63.289772
2.650000	62.983152
2.700000	62.357922
2.750000	61.388402
2.800000	60.149932
2.850000	58.606562
2.900000	56.821672
2.950000	54.966542
3.000000	52.994942
3.050000	50.920552
3.100000	48.793072
3.150000	46.775222
3.200000	44.889262
3.250000	43.052972
3.300000	41.408552
3.350000	40.077592
3.400000	38.912772
3.450000	38.015192
3.500000	37.407092
3.550000	37.064502
3.600000	36.951452
3.650000	37.076492
3.700000	37.412232
3.750000	37.934682
3.800000	38.650702
3.850000	39.500322
3.900000	40.504102
3.950000	41.619242
4.000000	42.842282
4.050000	44.084182
4.100000	45.331202
4.150000	46.595352
4.200000	47.886922
4.250000	49.075712
4.300000	50.177142
4.350000	51.249452
4.400000	52.229252
4.450000	53.094292
4.500000	53.789752
4.550000	54.346462
4.600000	54.776412
4.650000	55.026502
4.700000	55.163542
4.750000	55.142982
4.800000	54.882612
4.850000	54.440672
4.900000	53.847992
4.950000	53.096012
5.000000	52.227532
5.050000	51.213472
5.100000	50.091492
5.150000	48.832472
5.200000	47.405582
5.250000	45.884492
5.300000	44.250332
5.350000	42.569932
5.400000	40.834702
5.450000	39.046382
5.500000	37.367692
5.550000	35.807202
5.600000	34.399152
5.650000	33.203512
5.700000	32.259682
5.750000	31.586492
5.800000	31.139412
5.850000	30.974972
5.900000	31.057182
5.950000	31.435752
6.000000	32.074682
6.050000	32.931162
6.100000	34.013742
6.150000	35.245352
6.200000	36.649972
6.250000	38.140242
6.300000	39.666472
6.350000	41.226972
6.400000	42.748072
6.450000	44.252042
6.500000	45.675502
6.550000	47.042442
6.600000	48.232932
6.650000	49.262422
6.700000	50.098342
6.750000	50.721852
6.800000	51.141532
6.850000	51.355652
6.900000	51.304252
6.950000	51.030192
7.000000	50.620792
7.050000	50.016112
7.100000	49.199042
7.150000	48.238082
7.200000	47.162352
7.250000	45.987262
7.300000	44.711122
7.350000	43.327052
7.400000	41.896742
7.450000	40.392762
7.500000	38.873382
7.550000	37.314592
7.600000	35.800352
7.650000	34.392302
7.700000	33.042502
7.750000	31.800612
7.800000	30.678632
7.850000	29.673122
7.900000	28.859482
7.950000	28.271932
8.000000	27.932772
8.050000	27.812862
8.100000	27.951612
8.150000	28.359292
8.200000	29.008502
8.250000	29.856412
8.300000	30.906452
8.350000	32.134632
8.400000	33.503282
8.450000	35.032952
8.500000	36.644832
8.550000	38.289262
8.600000	39.889152
8.650000	41.425682
8.700000	42.879972
8.750000	44.205792
8.800000	45.362032
8.850000	46.396652
8.900000	47.222302
8.950000	47.856092
9.000000	48.310022
9.050000	48.515572
9.100000	48.501872
9.150000	48.253492
9.200000	47.724192
9.250000	47.001332
9.300000	46.103742
9.350000	44.974902
9.400000	43.685062
9.450000	42.230762
9.500000	40.719942
9.550000	39.121762
9.600000	37.453342
9.650000	35.766092
9.700000	34.102812
9.750000	32.538892
9.800000	31.019502
9.850000	29.609752
9.900000	28.384992
9.950000	27.269862
10.000000	26.310602
10.050000	25.570612
10.100000	24.991632
10.150000	24.662752
10.200000	24.467472
10.250000	24.493162
10.300000	24.741542
10.350000	25.193762
10.400000	25.839542
10.450000	26.702872
10.500000	27.718652
10.550000	28.876602
10.600000	30.154462
10.650000	31.559082
10.700000	33.027082
10.750000	34.505352
10.800000	35.981922
10.850000	37.441352
10.900000	38.828852
10.950000	40.130682
11.000000	41.340032
11.050000	42.383212
11.100000	43.251682
11.150000	43.928292
11.200000	44.413062
11.250000	44.661432
11.300000	44.616902
11.350000	44.385652
11.400000	43.967692
11.450000	43.287652
11.500000	42.378072
11.550000	41.298912
11.600000	40.096422
11.650000	38.750042
11.700000	37.311162
11.750000	35.868862
11.800000	34.390592
11.850000	32.847222
11.900000	31.360382
11.950000	29.981452
12.000000	28.659052
12.050000	27.405182
12.100000	26.295192
12.150000	25.323942
12.200000	24.465752
12.250000	23.744602
12.300000	23.198172
12.350000	22.857298
12.400000	22.703133
12.450000	22.756233
12.500000	23.016599
12.550000	23.482524
12.600000	24.215670
12.650000	25.135512
12.700000	26.212962
12.750000	27.454862
12.800000	28.799522
12.850000	30.231552
12.900000	31.690982
12.950000	33.172682
13.000000	34.539612
13.050000	35.860302
13.100000	37.035382
13.150000	38.104262
13.200000	39.053242
13.250000	39.846332
13.300000	40.492122
13.350000	41.067672
13.400000	41.475352
13.450000	41.665492
13.500000	41.656922
13.550000	41.465072
13.600000	41.100222
13.650000	40.541792
13.700000	39.836062
13.750000	38.917912
13.800000	37.859312
13.850000	36.643122
13.900000	35.252202
13.950000	33.765362
14.000000	32.218572
14.050000	30.682052
14.100000	29.148962
14.150000	27.626152
14.200000	26.230092
14.250000	24.924832
14.300000	23.720622
14.350000	22.709992
14.400000	21.863783
14.450000	21.188886
14.500000	20.686994
14.550000	20.399210
14.600000	20.274164
14.650000	20.318707
14.700000	20.556810
14.750000	20.940505
14.800000	21.552032
14.850000	22.334852
14.900000	23.283822
14.950000	24.405802
15.000000	25.681952
15.050000	27.030042
15.100000	28.506612
15.150000	29.959182
15.200000	31.379222
15.250000	32.775282
15.300000	34.036002
15.350000	35.178552
15.400000	36.190902
15.450000	37.021682
15.500000	37.633202
15.550000	38.039172
15.600000	38.225882
15.650000	38.188202
15.700000	37.963802
15.750000	37.547552
15.800000	36.982282
15.850000	36.274832
15.900000	35.457752
15.950000	34.486512
16.000000	33.410782
16.050000	32.257972
16.100000	31.021222
16.150000	29.712522
16.200000	28.395262
16.250000	27.057452
16.300000	25.687092
16.350000	24.395532
16.400000	23.143365
16.450000	21.927164
16.500000	20.836019
16.550000	19.885333
16.600000	19.085386
16.650000	18.523531
16.700000	18.204921
16.750000	18.105576
16.800000	18.251177
16.850000	18.631448
16.900000	19.229270
16.950000	20.012086
17.000000	20.937082
17.050000	21.959707
17.100000	23.009749
17.150000	24.107753
17.200000	25.226312
17.250000	26.365412
17.300000	27.475412
17.350000	28.568272
17.400000	29.654282
17.450000	30.704322
17.500000	31.745792
17.550000	32.742732
17.600000	33.628332
17.650000	34.395722
17.700000	35.080912
17.750000	35.591362
17.800000	35.927102
17.850000	36.026452
17.900000	35.891132
17.950000	35.553682
18.000000	35.026092
18.050000	34.231282
18.100000	33.246332
18.150000	32.182602
18.200000	30.911592
18.250000	29.604612
18.300000	28.263362
18.350000	26.946112
18.400000	25.594592
18.450000	24.292742
18.500000	23.090252
18.550000	21.971704
18.600000	20.949069
18.650000	20.058341
18.700000	19.296078
18.750000	18.655431
18.800000	18.165528
18.850000	17.795530
18.900000	17.615671
18.950000	17.565995
19.000000	17.715022
19.050000	17.966826
19.100000	18.360808
19.150000	18.920939
19.200000	19.606115
19.250000	20.411207
19.300000	21.341334
19.350000	22.355406
19.400000	23.449973
19.450000	24.595942
19.500000	25.759032
19.550000	26.959812
19.600000	28.136612
19.650000	29.279152
19.700000	30.354882
19.750000	31.343252
19.800000	32.254542
19.850000	32.991112
19.900000	33.588932
19.950000	34.029162
20.000000	34.304952
20.050000	34.385452
20.100000	34.277532
20.150000	33.981202
20.200000	33.525542
20.250000	32.934582
20.300000	32.136342
20.350000	31.159972
20.400000	30.037982
20.450000	28.804662
20.500000	27.436012
20.550000	26.036532
20.600000	24.604512
20.650000	23.191322
20.700000	21.805543
20.750000	20.486577
20.800000	19.335473
20.850000	18.283721
20.900000	17.391274
20.950000	16.659844
21.000000	16.118552
21.050000	15.769111
21.100000	15.620084
21.150000	15.674898
21.200000	15.902721
21.250000	16.240172
21.300000	16.675261
21.350000	17.257664
21.400000	17.882891
21.450000	18.600617
21.500000	19.383435
21.550000	20.250184
21.600000	21.175183
21.650000	22.156702
21.700000	23.182752
21.750000	24.256782
21.800000	25.349632
21.850000	26.439082
21.900000	27.468562
21.950000	28.429532
22.000000	29.316832
22.050000	30.073962
22.100000	30.723162
22.150000	31.178812
22.200000	31.497422
22.250000	31.644732
22.300000	31.560802
22.350000	31.297012
22.400000	30.843072
22.450000	30.231542
22.500000	29.424752
22.550000	28.513462
22.600000	27.465132
22.650000	26.267782
22.700000	24.959082
22.750000	23.631552
22.800000	22.293742
22.850000	20.923380
22.900000	19.599266
22.950000	18.365942
23.000000	17.180581
23.050000	16.125404
23.100000	15.214114
23.150000	14.504953
23.200000	14.032179
23.250000	13.725561
23.300000	13.621071
23.350000	13.710145
23.400000	13.956809
23.450000	14.405602
23.500000	15.020551
23.550000	15.781101
23.600000	16.613599
23.650000	17.564278
23.700000	18.556081
23.750000	19.626669
23.800000	20.709260
23.850000	21.810681
23.900000	22.886414
23.950000	23.926179
24.000000	24.945383
24.050000	25.916622
24.100000	26.843332
24.150000	27.651842
24.200000	28.354162
24.250000	28.933132
24.300000	29.387062
24.350000	29.664562
24.400000	29.858132
24.450000	29.943772
24.500000	29.832432
24.550000	29.621742
24.600000	29.253452
24.650000	28.756702
24.700000	28.093792
24.750000	27.300692
24.800000	26.421952
24.850000	25.416452
24.900000	24.332148
24.950000	23.187898
25.000000	22.002538
25.050000	20.892542
25.100000	19.768847
25.150000	18.665704
25.200000	17.677341
25.250000	16.728362
25.300000	15.901007
25.350000	15.184994
25.400000	14.607731
25.450000	14.181206
25.500000	13.956809
25.550000	13.866023
25.600000	13.968800
25.650000	14.234307
25.700000	14.672822
25.750000	15.255225
25.800000	15.979803
25.850000	16.831139
25.900000	17.768123
25.950000	18.744505
26.000000	19.773988
26.050000	20.822313
26.100000	21.855222
26.150000	22.841882
26.200000	23.758312
26.250000	24.607932
26.300000	25.359922
26.350000	25.998842
26.400000	26.473332
26.450000	26.867312
26.500000	27.158512
26.550000	27.324672
26.600000	27.379482
26.650000	27.288702
26.700000	27.055742
26.750000	26.733702
26.800000	26.296902
26.850000	25.714502
26.900000	25.007052
26.950000	24.225952
27.000000	23.336932
27.050000	22.372532
27.100000	21.356752
27.150000	20.308432
27.200000	19.254963
27.250000	18.165528
27.300000	17.108637
27.350000	16.089432
27.400000	15.164439
27.450000	14.318241
27.500000	13.600515
27.550000	13.018113
27.600000	12.536773
27.650000	12.219878
27.700000	12.074277
27.750000	12.074277
27.800000	12.248998
27.850000	12.550477
27.900000	13.007835
27.950000	13.573108
28.000000	14.273705
28.050000	15.041106
28.100000	15.916424
28.150000	16.879102
28.200000	17.900020
28.250000	18.915796
28.300000	19.905885
28.350000	20.880558
28.400000	21.817538
28.450000	22.703131
28.500000	23.460259
28.550000	24.138583
28.600000	24.691867
28.650000	25.135522
28.700000	25.467836
28.750000	25.683667
28.800000	25.803569
28.850000	25.805280
28.900000	25.680239
28.950000	25.462697
29.000000	25.154366
29.050000	24.707286
29.100000	24.133446
29.150000	23.436275
29.200000	22.658596
29.250000	21.783275
29.300000	20.829164
29.350000	19.821946
29.400000	18.813018
29.450000	17.793821
29.500000	16.805444
29.550000	15.894156
29.600000	15.059949
29.650000	14.331946
29.700000	13.758107
29.750000	13.309314
29.800000	12.983854
29.850000	12.807420
29.900000	12.773161
29.950000	12.858808
30.000000	13.064362
30.050000	13.331582
30.100000	13.727273
30.150000	14.239446
30.200000	14.847543
30.250000	15.517307
30.300000	16.281282
30.350000	17.106924
30.400000	18.037056
30.450000	18.979180
30.500000	19.888753
30.550000	20.750364
30.600000	21.546892
30.650000	22.274892
30.700000	22.843592
30.750000	23.312942
30.800000	23.727482
30.850000	24.008402
30.900000	24.174562
30.950000	24.222512
31.000000	24.155712
31.050000	23.963862
31.100000	23.667522
31.150000	23.246132
31.200000	22.730542
31.250000	22.088185
31.300000	21.380736
31.350000	20.645879
31.400000	19.797969
31.450000	18.920938
31.500000	18.030204
31.550000	17.153174
31.600000	16.279570
31.650000	15.438511
31.700000	14.623147
31.750000	13.852319
31.800000	13.199686
31.850000	12.627560
31.900000	12.142795
31.950000	11.784789
32.000000	11.536411
32.050000	11.407939
32.100000	11.435347
32.150000	11.572382
32.200000	11.872149
32.250000	12.279831
32.300000	12.778299
32.350000	13.341860
32.400000	13.994494
32.450000	14.717359
32.500000	15.448788
32.550000	16.265866
32.600000	17.060675
32.650000	17.846919
32.700000	18.585200
32.750000	19.342325
32.800000	20.053193
32.850000	20.717824
32.900000	21.303649
32.950000	21.831236
33.000000	22.290313
33.050000	22.675730
33.100000	22.939522
33.150000	23.056002
33.200000	23.071412
33.250000	22.941232
33.300000	22.665448
33.350000	22.257770
33.400000	21.766144
33.450000	21.128930
33.500000	20.404350
33.550000	19.600982
33.600000	18.766773
33.650000	17.913724
33.700000	17.069240
33.750000	16.235033
33.800000	15.416243
33.850000	14.645416
33.900000	13.937967
33.950000	13.276768
34.000000	12.644689
34.050000	12.106823
34.100000	11.620345
34.150000	11.169839
34.200000	10.847805
34.250000	10.619982
34.300000	10.508640
34.350000	10.500076
34.400000	10.654241
34.450000	10.912897
34.500000	11.286320
34.550000	11.783075
34.600000	12.401450
34.650000	13.119176
34.700000	13.896856
34.750000	14.756757
34.800000	15.635500
34.850000	16.521095
34.900000	17.410117
34.950000	18.239187
35.000000	18.975752
35.050000	19.645519
35.100000	20.214219
35.150000	20.616763
35.200000	20.914816
35.250000	21.130645
35.300000	21.187172
35.350000	21.180321
35.400000	21.123788
35.450000	20.952497
35.500000	20.676711
35.550000	20.370093
35.600000	20.041203
35.650000	19.612971
35.700000	19.090516
35.750000	18.511546
35.800000	17.877747
35.850000	17.180581
35.900000	16.449152
35.950000	15.697167
36.000000	14.981153
36.050000	14.289122
36.100000	13.643340
36.150000	13.066076
36.200000	12.548764
36.250000	12.086268
36.300000	11.714558
36.350000	11.478171
36.400000	11.335995
36.450000	11.269190
36.500000	11.293171
36.550000	11.387384
36.600000	11.531272
36.650000	11.745391
36.700000	12.043444
36.750000	12.430571
36.800000	12.848531
36.850000	13.314453
36.900000	13.874588
36.950000	14.484398
37.000000	15.150735
37.050000	15.839342
37.100000	16.503966
37.150000	17.201136
37.200000	17.824651
37.250000	18.415618
37.300000	18.919225
37.350000	19.328621
37.400000	19.654084
37.450000	19.856206
37.500000	19.948711
37.550000	19.904169
37.600000	19.779129
37.650000	19.546166
37.700000	19.167604
37.750000	18.725662
37.800000	18.204926
37.850000	17.637939
37.900000	17.033268
37.950000	16.377207
38.000000	15.753694
38.050000	15.078791
38.100000	14.462129
38.150000	13.874588
38.200000	13.340147
38.250000	12.795429
38.300000	12.279831
38.350000	11.800205
38.400000	11.370254
38.450000	10.984841
38.500000	10.661093
38.550000	10.378457
38.600000	10.136931
38.650000	9.943367
38.700000	9.844016
38.750000	9.861145
38.800000	9.974201
38.850000	10.195171
38.900000	10.510354
38.950000	10.933452
39.000000	11.423356
39.050000	11.980065
39.100000	12.593301
39.150000	13.254500
39.200000	13.917411
39.250000	14.540925
39.300000	15.145596
39.350000	15.707444
39.400000	16.248737
39.450000	16.764334
39.500000	17.206275
39.550000	17.554004
39.600000	17.852057
39.650000	18.067889
39.700000	18.189508
39.750000	18.237471
39.800000	18.223767
39.850000	18.090158
39.900000	17.853770
39.950000	17.502616
40.000000	17.050397
40.050000	16.529660
40.100000	15.962673
40.150000	15.387123
40.200000	14.794442
40.250000	14.234308
40.300000	13.675885
40.350000	13.119176
40.400000	12.605292
40.450000	12.108536
40.500000	11.705992
40.550000	11.272617
40.600000	10.882064
40.650000	10.534334
40.700000	10.248272
40.750000	10.022163
40.800000	9.903970
40.850000	9.876562
40.900000	9.924525
40.950000	10.064987
41.000000	10.304800
41.050000	10.671371
41.100000	11.094470
41.150000	11.563818
41.200000	12.101684
41.250000	12.651541
41.300000	13.185981
41.350000	13.708431
41.400000	14.210326
41.450000	14.659118
41.500000	15.054810
41.550000	15.402539
41.600000	15.753694
41.650000	16.046608
41.700000	16.339523
41.750000	16.620447
41.800000	16.865398
41.850000	17.024703
41.900000	17.093220
41.950000	17.062388
42.000000	16.990444
42.050000	16.861972
42.100000	16.678687
42.150000	16.452578
42.200000	16.229894
42.250000	15.928414
42.300000	15.625223
42.350000	15.255225
42.400000	14.847543
42.450000	14.424444
42.500000	13.961948
42.550000	13.496026
42.600000	12.994132
42.650000	12.497375
42.700000	12.026314
42.750000	11.589512
42.800000	11.195533
42.850000	10.859795
42.900000	10.548039
42.950000	10.294522
43.000000	10.099245
43.050000	9.975913
43.100000	9.924525
43.150000	9.970774
43.200000	10.078690
43.250000	10.195171
43.300000	10.333920
43.350000	10.529196
43.400000	10.810120
43.450000	11.125302
43.500000	11.498725
43.550000	11.945806
43.600000	12.416867
43.650000	12.874225
43.700000	13.312740
43.750000	13.768385
43.800000	14.177779
43.850000	14.570045
43.900000	14.924626
43.950000	15.217541
44.000000	15.407678
44.050000	15.501890
44.100000	15.534436
44.150000	15.520733
44.200000	15.400826
44.250000	15.239808
44.300000	15.058236
44.350000	14.830414
44.400000	14.585462
44.450000	14.271992
44.500000	13.937966
44.550000	13.571395
44.600000	13.204824
44.650000	12.792004
44.700000	12.380895
44.750000	11.950945
44.800000	11.515855
44.850000	11.127015
44.900000	10.731324
44.950000	10.373318
45.000000	10.035867
45.050000	9.754943
45.100000	9.486009
45.150000	9.251335
45.200000	9.105735
45.250000	9.062910
45.300000	9.088605
45.350000	9.220503
45.400000	9.451750
45.450000	9.766933
45.500000	10.126653
45.550000	10.482946
45.600000	10.914610
45.650000	11.337709
45.700000	11.786501
45.750000	12.230155
45.800000	12.656680
45.850000	12.966724
45.900000	13.280193
45.950000	13.545701
46.000000	13.752968
46.050000	13.936254
46.100000	14.090419
46.150000	14.177780
46.200000	14.246298
46.250000	14.265140
46.300000	14.263427
46.350000	14.265141
46.400000	14.232594
46.450000	14.131530
46.500000	14.033892
46.550000	13.895143
46.600000	13.691302
46.650000	13.465193
46.700000	13.170565
46.750000	12.843391
46.800000	12.469968
46.850000	12.060573
46.900000	11.620346
46.950000	11.147571
47.000000	10.681649
47.050000	10.166051
47.100000	9.706980
47.150000	9.285594
47.200000	8.922449
47.250000	8.602127
47.300000	8.364028
47.350000	8.191019
47.400000	8.132779
47.450000	8.131067
47.500000	8.180742
47.550000	8.316065
47.600000	8.528471
47.650000	8.799116
47.700000	9.081754
47.750000	9.407213
47.800000	9.746377
47.850000	10.119802
47.900000	10.474382
47.950000	10.875212
48.000000	11.262339
48.050000	11.608354
48.100000	11.949232
48.150000	12.245572
48.200000	12.476820
48.250000	12.682375
48.300000	12.831401
48.350000	12.920474
48.400000	12.968437
48.450000	13.011261
48.500000	12.990705
48.550000	12.918762
48.600000	12.817697
48.650000	12.696078
48.700000	12.535061
48.750000	12.302099
48.800000	12.106823
48.850000	11.875575
48.900000	11.634049
48.950000	11.353125
49.000000	11.077340
49.050000	10.770722
49.100000	10.501789
49.150000	10.202023
49.200000	9.919385
49.250000	9.662443
49.300000	9.415778
49.350000	9.169114
49.400000	9.004671
49.450000	8.864208
49.500000	8.771709
49.550000	8.696339
49.600000	8.694626
49.650000	8.720321
49.700000	8.763144
49.750000	8.824811
49.800000	8.941291
49.850000	9.092031
49.900000	9.307863
49.950000	9.559666
50.000000	9.835451
50.050000	10.152347
50.100000	10.458965
50.150000	10.757019
50.200000	11.060211
50.250000	11.349699
50.300000	11.613494
50.350000	11.908121
50.400000	12.141082
50.450000	12.331220
50.500000	12.471681
50.550000	12.569320
50.600000	12.634412
50.650000	12.634412
50.700000	12.581311
50.750000	12.478533
50.800000	12.332932
50.850000	12.103397
50.900000	11.848167
50.950000	11.550115
51.000000	11.219515
51.050000	10.912896
51.100000	10.568594
51.150000	10.237995
51.200000	9.891979
51.250000	9.581934
51.300000	9.270177
51.350000	8.985828
51.400000	8.728885
51.450000	8.470230
51.500000	8.187593
51.550000	8.000882
51.600000	7.848429
51.650000	7.689125
51.700000	7.586347
51.750000	7.529820
51.800000	7.512691
51.850000	7.545237
51.900000	7.653153
51.950000	7.812457
52.000000	7.980327
52.050000	8.180742
52.100000	8.432545
52.150000	8.668932
52.200000	8.925875
52.250000	9.206798
52.300000	9.508278
52.350000	9.799479
52.400000	10.080404
52.450000	10.337346
52.500000	10.638825
52.550000	10.904332
52.600000	11.162988
52.650000	11.413078
52.700000	11.596364
52.750000	11.757382
52.800000	11.877288
52.850000	11.938954
52.900000	11.964649
52.950000	11.969787
53.000000	11.921824
53.050000	11.820760
53.100000	11.683725
53.150000	11.558679
53.200000	11.373681
53.250000	11.159561
53.300000	10.935165
53.350000	10.710769
53.400000	10.465817
53.450000	10.179754
53.500000	9.898830
53.550000	9.609342
53.600000	9.309576
53.650000	9.026939
53.700000	8.763145
53.750000	8.511341
53.800000	8.283519
53.850000	8.139630
53.900000	8.031715
53.950000	7.994031
54.000000	8.023150
54.050000	8.137918
54.100000	8.274954
54.150000	8.473656
54.200000	8.752867
54.250000	8.996106
54.300000	9.282168
54.350000	9.533973
54.400000	9.816609
54.450000	9.998182
54.500000	10.166050
54.550000	10.255124
54.600000	10.315078
54.650000	10.308226
54.700000	10.267115
54.750000	10.208874
54.800000	10.171190
54.850000	10.193458
54.900000	10.229430
54.950000	10.328781
55.000000	10.469243
55.050000	10.638825
55.100000	10.801556
55.150000	10.964286
55.200000	11.094470
55.250000	11.190395
55.300000	11.217802
55.350000	11.221228
55.400000	11.162987
55.450000	11.029377
55.500000	10.791277
55.550000	10.470956
55.600000	10.100958
55.650000	9.730961
55.700000	9.347260
55.750000	9.002958
55.800000	8.684349
55.850000	8.406851
55.900000	8.177316
55.950000	8.023150
56.000000	7.940929
56.050000	7.886114
56.100000	7.877549
56.150000	7.915234
56.200000	7.968335
56.250000	8.007734
56.300000	8.052270
56.350000	8.107085
56.400000	8.127640
56.450000	8.136205
56.500000	8.143057
56.550000	8.151622
56.600000	8.167038
56.650000	8.206435
56.700000	8.292083
56.750000	8.417128
56.800000	8.581572
56.850000	8.790552
56.900000	9.013235
56.950000	9.211938
57.000000	9.376381
57.050000	9.557953
57.100000	9.691563
57.150000	9.724109
57.200000	9.720683
57.250000	9.659018
57.300000	9.537398
57.350000	9.383233
57.400000	9.184530
57.450000	8.963560
57.500000	8.734025
57.550000	8.485647
57.600000	8.281806
57.650000	8.129353
57.700000	7.970049
57.750000	7.868984
57.800000	7.759356
57.850000	7.656579
57.900000	7.572644
57.950000	7.454451
58.000000	7.344822
58.050000	7.247184
58.100000	7.123852
58.150000	6.981677
58.200000	6.822373
58.250000	6.702465
58.300000	6.613393
58.350000	6.536309
58.400000	6.502051
58.450000	6.531171
58.500000	6.616818
58.550000	6.757280
58.600000	6.932001
58.650000	7.115287
58.700000	7.336257
58.750000	7.536672
58.800000	7.759355
58.850000	7.952919
58.900000	8.136205
58.950000	8.268102
59.000000	8.357175
59.050000	8.415415
59.100000	8.477082
59.150000	8.497637
59.200000	8.538748
59.250000	8.578146
59.300000	8.636386
59.350000	8.691201
59.400000	8.715182
59.450000	8.768283
59.500000	8.781987
59.550000	8.759719
59.600000	8.715182
59.650000	8.641526
59.700000	8.550739
59.750000	8.473656
59.800000	8.386295
59.850000	8.249259
59.900000	8.124214
59.950000	8.007734
60.000000	7.892966
60.050000	7.779912
60.100000	7.644588
60.150000	7.514404
60.200000	7.399636
60.250000	7.233480
60.300000	7.074175
60.350000	6.918297
60.400000	6.798391
60.450000	6.680198
60.500000	6.597976
60.550000	6.515754
60.600000	6.467791
60.650000	6.452375
60.700000	6.471217
60.750000	6.562004
60.800000	6.640800
60.850000	6.724734
60.900000	6.872047
60.950000	7.017649
61.000000	7.152972
61.050000	7.293434
61.100000	7.423618
61.150000	7.570931
61.200000	7.687412
61.250000	7.764495
61.300000	7.824448
61.350000	7.884402
61.400000	7.956345
61.450000	7.997456
61.500000	8.057409
61.550000	8.096807
61.600000	8.137918
61.650000	8.168751
61.700000	8.203010
61.750000	8.204723
61.800000	8.230417
61.850000	8.245833
61.900000	8.211574
61.950000	8.185881
62.000000	8.151621
62.050000	8.035141
62.100000	7.882689
62.150000	7.694264
62.200000	7.485283
62.250000	7.267739
62.300000	7.067324
62.350000	6.858344
62.400000	6.675058
62.450000	6.524319
62.500000	6.442097
62.550000	6.397561
62.600000	6.358162
62.650000	6.361589
62.700000	6.329042
62.750000	6.298210
62.800000	6.262238
62.850000	6.245108
62.900000	6.239969
62.950000	6.262237
63.000000	6.299922
63.050000	6.373579
63.100000	6.460940
63.150000	6.577421
63.200000	6.755567
63.250000	6.932001
63.300000	7.137555
63.350000	7.346534
63.400000	7.567506
63.450000	7.766208
63.500000	7.913522
63.550000	8.004308
63.600000	8.089955
63.650000	8.093381
63.700000	8.071112
63.750000	8.065974
63.800000	8.016299
63.850000	7.946068
63.900000	7.846716
63.950000	7.788476
64.000000	7.709681
64.050000	7.651440
64.100000	7.654866
64.150000	7.646302
64.200000	7.629172
64.250000	7.641162
64.300000	7.624033
64.350000	7.567506
64.400000	7.480145
64.450000	7.349961
64.500000	7.164962
64.550000	6.962834
64.600000	6.712743
64.650000	6.443810
64.700000	6.174877
64.750000	5.917935
64.800000	5.707242
64.850000	5.542798
64.900000	5.441735
64.950000	5.409189
65.000000	5.499975
65.050000	5.625020
65.100000	5.825436
65.150000	6.075526
65.200000	6.353023
65.250000	6.625382
65.300000	6.834362
65.350000	6.990242
65.400000	7.111860
65.450000	7.158110
65.500000	7.158110
65.550000	7.118712
65.600000	7.022788
65.650000	6.921723
65.700000	6.817234
65.750000	6.767557
65.800000	6.760706
65.850000	6.777836
65.900000	6.801817
65.950000	6.846354
66.000000	6.902881
66.050000	6.981677
66.100000	7.055333
66.150000	7.146120
66.200000	7.218064
66.250000	7.242045
66.300000	7.276304
66.350000	7.283156
66.400000	7.284868
66.450000	7.259174
66.500000	7.250610
66.550000	7.202647
66.600000	7.130703
66.650000	7.070750
66.700000	6.955983
66.750000	6.837789
66.800000	6.707604
66.850000	6.589411
66.900000	6.471217
66.950000	6.342746
67.000000	6.234830
67.050000	6.121776
67.100000	6.037841
67.150000	5.981313
67.200000	5.948768
67.250000	5.967610
67.300000	6.066962
67.350000	6.161174
67.400000	6.294784
67.450000	6.394135
67.500000	6.491773
67.550000	6.608253
67.600000	6.728160
67.650000	6.851493
67.700000	6.933714
67.750000	7.009084
67.800000	7.063898
67.850000	7.079315
67.900000	7.072463
67.950000	7.012510
68.000000	6.935427
68.050000	6.866909
68.100000	6.812095
68.150000	6.743576
68.200000	6.680197
68.250000	6.596263
68.300000	6.539735
68.350000	6.486634
68.400000	6.435245
68.450000	6.418116
68.500000	6.402699
68.550000	6.416403
68.600000	6.406125
68.650000	6.406125
68.700000	6.404412
68.750000	6.368441
68.800000	6.308487
68.850000	6.233117
68.900000	6.150896
68.950000	6.070387
69.000000	5.977888
69.050000	5.905943
69.100000	5.825435
69.150000	5.762056
69.200000	5.695251
69.250000	5.666131
69.300000	5.616455
69.350000	5.580483
69.400000	5.566780
69.450000	5.508540
69.500000	5.457151
69.550000	5.410901
69.600000	5.357800
69.650000	5.321828
69.700000	5.316690
69.750000	5.294421
69.800000	5.302986
69.850000	5.306412
69.900000	5.328680
69.950000	5.381782
70.000000	5.499975
70.050000	5.573631
70.100000	5.667844
70.150000	5.786038
70.200000	5.912796
70.250000	6.012147
70.300000	6.063535
70.350000	6.085803
70.400000	6.090942
70.450000	6.030990
70.500000	5.967611
70.550000	5.909369
70.600000	5.818584
70.650000	5.707241
70.700000	5.573632
70.750000	5.433170
70.800000	5.294421
70.850000	5.162523
70.900000	5.040904
70.950000	4.968960
71.000000	4.924424
71.050000	4.888452
71.100000	4.915859
71.150000	4.941553
71.200000	5.016923
71.250000	5.082015
71.300000	5.169375
71.350000	5.234468
71.400000	5.304698
71.450000	5.362939
71.500000	5.405763
71.550000	5.417753
71.600000	5.428031
71.650000	5.433170
71.700000	5.404050
71.750000	5.409188
71.800000	5.416040
71.850000	5.419466
71.900000	5.417753
71.950000	5.429744
72.000000	5.431457
72.050000	5.453725
72.100000	5.455438
72.150000	5.486271
72.200000	5.561641
72.250000	5.633585
72.300000	5.650715
72.350000	5.698677
72.400000	5.748352
72.450000	5.770621
72.500000	5.799741
72.550000	5.799741
72.600000	5.803167
72.650000	5.768908
72.700000	5.734649
72.750000	5.672983
72.800000	5.599326
72.850000	5.520530
72.900000	5.445161
72.950000	5.378355
73.000000	5.313263
73.050000	5.267013
73.100000	5.181366
73.150000	5.090579
73.200000	4.963821
73.250000	4.843915
73.300000	4.698314
73.350000	4.549287
73.400000	4.413965
73.450000	4.271790
73.500000	4.143318
73.550000	4.042254
73.600000	3.987440
73.650000	3.966884
73.700000	4.001144
73.750000	4.095356
73.800000	4.234104
73.850000	4.396835
73.900000	4.540722
73.950000	4.718869
74.000000	4.905581
74.050000	5.056320
74.100000	5.183079
74.150000	5.280717
74.200000	5.313263
74.250000	5.366364
74.300000	5.433170
74.350000	5.455438
74.400000	5.450299
74.450000	5.455438
74.500000	5.440021
74.550000	5.412614
74.600000	5.419466
74.650000	5.426318
74.700000	5.448586
74.750000	5.450300
74.800000	5.440022
74.850000	5.433170
74.900000	5.422892
74.950000	5.416041
75.000000	5.410901
75.050000	5.398910
75.100000	5.386920
75.150000	5.380069
75.200000	5.338957
75.250000	5.311550
75.300000	5.267014
75.350000	5.222477
75.400000	5.183079
75.450000	5.102570
75.500000	5.008358
75.550000	4.898730
75.600000	4.833637
75.650000	4.758268
75.700000	4.694888
75.750000	4.638361
75.800000	4.604102
75.850000	4.576694
75.900000	4.571556
75.950000	4.562991
76.000000	4.537297
76.050000	4.511602
76.100000	4.508177
76.150000	4.528732
76.200000	4.562991
76.250000	4.633222
76.300000	4.694888
76.350000	4.802804
76.400000	4.900442
76.450000	4.977525
76.500000	5.063173
76.550000	5.138542
76.600000	5.179653
76.650000	5.203635
76.700000	5.215625
76.750000	5.181366
76.800000	5.143681
76.850000	5.112848
76.900000	5.082015
76.950000	5.030626
77.000000	4.975812
77.050000	4.932988
77.100000	4.886738
77.150000	4.854192
77.200000	4.843915
77.250000	4.854193
77.300000	4.835350
77.350000	4.813081
77.400000	4.773684
77.450000	4.729147
77.500000	4.667481
77.550000	4.569843
77.600000	4.458501
77.650000	4.342021
77.700000	4.220401
77.750000	4.103920
77.800000	3.999430
77.850000	3.930912
77.900000	3.882949
77.950000	3.894940
78.000000	3.908643
78.050000	3.948042
78.100000	4.004569
78.150000	4.115911
78.200000	4.239244
78.250000	4.340307
78.300000	4.415677
78.350000	4.484195
78.400000	4.515029
78.450000	4.527019
78.500000	4.504751
78.550000	4.482482
78.600000	4.427668
78.650000	4.381418
78.700000	4.311187
78.750000	4.256373
78.800000	4.220401
78.850000	4.215262
78.900000	4.235818
78.950000	4.263225
79.000000	4.294058
79.050000	4.326604
79.100000	4.360863
79.150000	4.388270
79.200000	4.451649
79.250000	4.539009
79.300000	4.626371
79.350000	4.686324
79.400000	4.756554
79.450000	4.825072
79.500000	4.855905
79.550000	4.876461
79.600000	4.874748
79.650000	4.849053
79.700000	4.777110
79.750000	4.710305
79.800000	4.629796
79.850000	4.518454
79.900000	4.408826
79.950000	4.314613
80.000000	4.206698
80.050000	4.088504
80.100000	3.973737
80.150000	3.889802
80.200000	3.831562
80.250000	3.773321
80.300000	3.752765
80.350000	3.735636
80.400000	3.740775
80.450000	3.766469
80.500000	3.809293
80.550000	3.874385
80.600000	3.924060
80.650000	3.972023
80.700000	4.043967
80.750000	4.088503
80.800000	4.167300
80.850000	4.242670
80.900000	4.306048
80.950000	4.350586
81.000000	4.360863
81.050000	4.352298
81.100000	4.304336
81.150000	4.276929
81.200000	4.270077
81.250000	4.261512
81.300000	4.273503
81.350000	4.304336
81.400000	4.336882
81.450000	4.407113
81.500000	4.456788
81.550000	4.489334
81.600000	4.523593
81.650000	4.545861
81.700000	4.540723
81.750000	4.485908
81.800000	4.415677
81.850000	4.311187
81.900000	4.215262
81.950000	4.145032
82.000000	4.038828
82.050000	3.932625
82.100000	3.831561
82.150000	3.768182
82.200000	3.759618
82.250000	3.742488
82.300000	3.747626
82.350000	3.735636
82.400000	3.725358
82.450000	3.665404
82.500000	3.602026
82.550000	3.512952
82.600000	3.420453
82.650000	3.312537
82.700000	3.202908
82.750000	3.118974
82.800000	3.036753
82.850000	3.033326
82.900000	3.036752
82.950000	3.074437
83.000000	3.146381
83.050000	3.247445
83.100000	3.353648
83.150000	3.425592
83.200000	3.512952
83.250000	3.555776
83.300000	3.607164
83.350000	3.661979
83.400000	3.670544
83.450000	3.682534
83.500000	3.694524
83.550000	3.711654
83.600000	3.740774
83.650000	3.751052
83.700000	3.771608
83.750000	3.768182
83.800000	3.809293
83.850000	3.845265
83.900000	3.879524
83.950000	3.886375
84.000000	3.946329
84.050000	3.948042
84.100000	3.951468
84.150000	3.948042
84.200000	3.924060
84.250000	3.876098
84.300000	3.809292
84.350000	3.708229
84.400000	3.595173
84.450000	3.482120
84.500000	3.348510
84.550000	3.220037
84.600000	3.120686
84.650000	3.072724
84.700000	3.031614
84.750000	2.993929
84.800000	2.980225
84.850000	2.980225
84.900000	3.028188
84.950000	3.062447
85.000000	3.100132
85.050000	3.136103
85.100000	3.158372
85.150000	3.201195
85.200000	3.247446
85.250000	3.305685
85.300000	3.327953
85.350000	3.327954
85.400000	3.331380
85.450000	3.302260
85.500000	3.293695
85.550000	3.274853
85.600000	3.242306
85.650000	3.218324
85.700000	3.226890
85.750000	3.259435
85.800000	3.321102
85.850000	3.387908
85.900000	3.500962
85.950000	3.660267
86.000000	3.804154
86.050000	3.944616
86.100000	4.057670
86.150000	4.167299
86.200000	4.213550
86.250000	4.220401
86.300000	4.198133
86.350000	4.138180
86.400000	4.059384
86.450000	3.985727
86.500000	3.913783
86.550000	3.811006
86.600000	3.735636
86.650000	3.653415
86.700000	3.603739
86.750000	3.533509
86.800000	3.471842
86.850000	3.432444
86.900000	3.401611
86.950000	3.338232
87.000000	3.274852
87.050000	3.225177
87.100000	3.213187
87.150000	3.194344
87.200000	3.209760
87.250000	3.250871
87.300000	3.300547
87.350000	3.393046
87.400000	3.500962
87.450000	3.593461
87.500000	3.680822
87.550000	3.740775
87.600000	3.816145
87.650000	3.881237
87.700000	3.881237
87.750000	3.886376
87.800000	3.865821
87.850000	3.821284
87.900000	3.769895
87.950000	3.725359
88.000000	3.716794
88.050000	3.694525
88.100000	3.691099
88.150000	3.670544
88.200000	3.629434
88.250000	3.572906
88.300000	3.542073
88.350000	3.502675
88.400000	3.423879
88.450000	3.381055
88.500000	3.374204
88.550000	3.384482
88.600000	3.375917
88.650000	3.401611
88.700000	3.437583
88.750000	3.482120
88.800000	3.466703
88.850000	3.435870
88.900000	3.415314
88.950000	3.365639
89.000000	3.309111
89.050000	3.230315
89.100000	3.144668
89.150000	3.100131
89.200000	3.074437
89.250000	3.112122
89.300000	3.142955
89.350000	3.177214
89.400000	3.254297
89.450000	3.329667
89.500000	3.374204
89.550000	3.381056
89.600000	3.384481
89.650000	3.346796
89.700000	3.259436
89.750000	3.165223
89.800000	3.043604
89.850000	2.899716
89.900000	2.800365
89.950000	2.726708
90.000000	2.635921
90.050000	2.623931
90.100000	2.615367
90.150000	2.690736
90.200000	2.796939
90.250000	2.872309
90.300000	2.978512
90.350000	3.101844
90.400000	3.187491
90.450000	3.262861
90.500000	3.326241
90.550000	3.353649
90.600000	3.379343
90.650000	3.375916
90.700000	3.372491
90.750000	3.357075
90.800000	3.324528
90.850000	3.276565
90.900000	3.177215
90.950000	3.076150
91.000000	2.957957
91.050000	2.817494
91.100000	2.661616
91.150000	2.536571
91.200000	2.397822
91.250000	2.300184
91.300000	2.240231
91.350000	2.250508
91.400000	2.291619
91.450000	2.346433
91.500000	2.444071
91.550000	2.563978
91.600000	2.694162
91.650000	2.808930
91.700000	2.927123
91.750000	3.007632
91.800000	3.045316
91.850000	3.043603
91.900000	3.060733
91.950000	3.067585
92.000000	3.040178
92.050000	3.048743
92.100000	3.065872
92.150000	3.094993
92.200000	3.154947
92.250000	3.214899
92.300000	3.281705
92.350000	3.339945
92.400000	3.372491
92.450000	3.386194
92.500000	3.384481
92.550000	3.331380
92.600000	3.261149
92.650000	3.132677
92.700000	2.971660
92.750000	2.822634
92.800000	2.670181
92.850000	2.517729
92.900000	2.366989
92.950000	2.259072
93.000000	2.168287
93.050000	2.104907
93.100000	2.046667
93.150000	1.986714
93.200000	2.012408
93.250000	2.046667
93.300000	2.111759
93.350000	2.217962
93.400000	2.336156
93.450000	2.480043
93.500000	2.632496
93.550000	2.790088
93.600000	2.957957
93.650000	3.105271
93.700000	3.165224
93.750000	3.225177
93.800000	3.220038
93.850000	3.144668
93.900000	3.040178
93.950000	2.908281
94.000000	2.757541
94.050000	2.594811
94.100000	2.452636
94.150000	2.341294
94.200000	2.262499
94.250000	2.226527
94.300000	2.247082
94.350000	2.320739
94.400000	2.430368
94.450000	2.528006
94.500000	2.610228
94.550000	2.658191
94.600000	2.695875
94.650000	2.701014
94.700000	2.646200
94.750000	2.579395
94.800000	2.461201
94.850000	2.343007
94.900000	2.231666
94.950000	2.140879
95.000000	2.087778
95.050000	2.075787
95.100000	2.127176
95.150000	2.199120
95.200000	2.295045
95.250000	2.402961
95.300000	2.483469
95.350000	2.575969
95.400000	2.630783
95.450000	2.695875
95.500000	2.738698
95.550000	2.771245
95.600000	2.764394
95.650000	2.728422
95.700000	2.713005
95.750000	2.706152
95.800000	2.704440
95.850000	2.742124
95.900000	2.772958
95.950000	2.805504
96.000000	2.851754
96.050000	2.877448
96.100000	2.867170
96.150000	2.844901
96.200000	2.793513
96.250000	2.716430
96.300000	2.601663
96.350000	2.461201
96.400000	2.298471
96.450000	2.180277
96.500000	2.082638
96.550000	2.019260
96.600000	2.017546
96.650000	2.017547
96.700000	2.092917
96.750000	2.197407
96.800000	2.317313
96.850000	2.404674
96.900000	2.471478
96.950000	2.481756
97.000000	2.461201
97.050000	2.390970
97.100000	2.296758
97.150000	2.212823
97.200000	2.092916
97.250000	1.991853
97.300000	1.928474
97.350000	1.892501
97.400000	1.877085
97.450000	1.861668
97.500000	1.859956
97.550000	1.859955
97.600000	1.866807
97.650000	1.880510
97.700000	1.885650
97.750000	1.899353
97.800000	1.952455
97.850000	2.012408
97.900000	2.050093
97.950000	2.115185
98.000000	2.132315
98.050000	2.188841
98.100000	2.259073
98.150000	2.295045
98.200000	2.356711
98.250000	2.348146
98.300000	2.375554
98.350000	2.361850
98.400000	2.298470
98.450000	2.269351
98.500000	2.245369
98.550000	2.243656
98.600000	2.245369
98.650000	2.229953
98.700000	2.252221
98.750000	2.288193
98.800000	2.252221
98.850000	2.250508
98.900000	2.197407
98.950000	2.147731
99.000000	2.034676
99.050000	1.959307
99.100000	1.877085
99.150000	1.818845
99.200000	1.805141
99.250000	1.837687
99.300000	1.907918
99.350000	1.966158
99.400000	2.072361
99.450000	2.193981
99.500000	2.289906
99.550000	2.389257
99.600000	2.450923
99.650000	2.483470
99.700000	2.469766
99.750000	2.442358
99.800000	2.365276
99.850000	2.265924
99.900000	2.193981
99.950000	2.096342
100.000000	2.029537
100.050000	1.942177
100.100000	1.866807
100.150000	1.781160
100.200000	1.746901
100.250000	1.686948
100.300000	1.630420
100.350000	1.592735
100.400000	1.508801
100.450000	1.462551
100.500000	1.428292
100.550000	1.388894
100.600000	1.366626
100.650000	1.395746
100.700000	1.441996
100.750000	1.483106
100.800000	1.558476
100.850000	1.620142
100.900000	1.673243
100.950000	1.726346
101.000000	1.729772
101.050000	1.692086
101.100000	1.676670
101.150000	1.623568
101.200000	1.567041
101.250000	1.543060
101.300000	1.546486
101.350000	1.572179
101.400000	1.642410
101.450000	1.733197
101.500000	1.851391
101.550000	1.973011
101.600000	2.096342
101.650000	2.226527
101.700000	2.348146
101.750000	2.390970
101.800000	2.373841
101.850000	2.327591
101.900000	2.212824
101.950000	2.094629
102.000000	1.935325
102.050000	1.774308
102.100000	1.603013
102.150000	1.503662
102.200000	1.416301
102.250000	1.330654
102.300000	1.306673
102.350000	1.275839
102.400000	1.262136
102.450000	1.245006
102.500000	1.255285
102.550000	1.274127
102.600000	1.303246
102.650000	1.352922
102.700000	1.375190
102.750000	1.440283
102.800000	1.479681
102.850000	1.524217
102.900000	1.544772
102.950000	1.611577
103.000000	1.664679
103.050000	1.707503
103.100000	1.722920
103.150000	1.734910
103.200000	1.704077
103.250000	1.664679
103.300000	1.609865
103.350000	1.544772
103.400000	1.498523
103.450000	1.491671
103.500000	1.503662
103.550000	1.534495
103.600000	1.561902
103.650000	1.582458
103.700000	1.573893
103.750000	1.592736
103.800000	1.604726
103.850000	1.592735
103.900000	1.567040
103.950000	1.561903
104.000000	1.543060
104.050000	1.536208
104.100000	1.529356
104.150000	1.471116
104.200000	1.462551
104.250000	1.443708
104.300000	1.419727
104.350000	1.366625
104.400000	1.339219
104.450000	1.342644
104.500000	1.325515
104.550000	1.337506
104.600000	1.342644
104.650000	1.356348
104.700000	1.363200
104.750000	1.378616
104.800000	1.395746
104.850000	1.419727
104.900000	1.431718
104.950000	1.431718
105.000000	1.416301
105.050000	1.400885
105.100000	1.412875
105.150000	1.414588
105.200000	1.428292
105.250000	1.423153
105.300000	1.450560
105.350000	1.486532
105.400000	1.508801
105.450000	1.534495
105.500000	1.541347
105.550000	1.551624
105.600000	1.527643
105.650000	1.519078
105.700000	1.524217
105.750000	1.527643
105.800000	1.531069
105.850000	1.536208
105.900000	1.568754
105.950000	1.597874
106.000000	1.661253
106.050000	1.728058
106.100000	1.817132
106.150000	1.890789
106.200000	1.966158
106.250000	2.034676
106.300000	2.079213
106.350000	2.139166
106.400000	2.120324
106.450000	2.068935
106.500000	2.000417
106.550000	1.940464
106.600000	1.866807
106.650000	1.777734
106.700000	1.681809
106.750000	1.591022
106.800000	1.555050
106.850000	1.544773
106.900000	1.515652
106.950000	1.488245
107.000000	1.483106
107.050000	1.460838
107.100000	1.435144
107.150000	1.419727
107.200000	1.426579
107.250000	1.431718
107.300000	1.412875
107.350000	1.388894
107.400000	1.402598
107.450000	1.450560
107.500000	1.488245
107.550000	1.561902
107.600000	1.666392
107.650000	1.762317
107.700000	1.868520
107.750000	1.973011
107.800000	2.051806
107.850000	2.118611
107.900000	2.142592
107.950000	2.154583
108.000000	2.159722
108.050000	2.134028
108.100000	2.070649
108.150000	2.008982
108.200000	1.971297
108.250000	1.868520
108.300000	1.842826
108.350000	1.791438
108.400000	1.717780
108.450000	1.649263
108.500000	1.567041
108.550000	1.460838
108.600000	1.342645
108.650000	1.215886
108.700000	1.080563
108.750000	0.984638
108.800000	0.892139
108.850000	0.816769
108.900000	0.749964
108.950000	0.739686
109.000000	0.749964
109.050000	0.816769
109.100000	0.885287
109.150000	0.986351
109.200000	1.149081
109.250000	1.275840
109.300000	1.383755
109.350000	1.469403
109.400000	1.501949
109.450000	1.462552
109.500000	1.402598
109.550000	1.318663
109.600000	1.227877
109.650000	1.126812
109.700000	1.027462
109.750000	1.020610
109.800000	0.996629
109.850000	1.034314
109.900000	1.113109
109.950000	1.239867
110.000000	1.344358
110.050000	1.477968
110.100000	1.592735
110.150000	1.707503
110.200000	1.806854
110.250000	1.834261
110.300000	1.846252
110.350000	1.788012
110.400000	1.702364
110.450000	1.613291
110.500000	1.531069
110.550000	1.430005
110.600000	1.332367
110.650000	1.260423
110.700000	1.195331
110.750000	1.161072
110.800000	1.150794
110.850000	1.181627
110.900000	1.221025
110.950000	1.284404
111.000000	1.352922
111.050000	1.416301
111.100000	1.414588
111.150000	1.445422
111.200000	1.430005
111.250000	1.380329
111.300000	1.308386
111.350000	1.250145
111.400000	1.181627
111.450000	1.114822
111.500000	1.022323
111.550000	0.981212
111.600000	0.945240
111.650000	0.909268
111.700000	0.888713
111.750000	0.917833
111.800000	0.957231
111.850000	0.991490
111.900000	1.058295
111.950000	1.097693
112.000000	1.147368
112.050000	1.214173
112.100000	1.277553
112.150000	1.370052
112.200000	1.477968
112.250000	1.620142
112.300000	1.731484
112.350000	1.846252
112.400000	1.954167
112.450000	2.029538
112.500000	2.074074
112.550000	2.101482
112.600000	2.055232
112.650000	1.957593
112.700000	1.839400
112.750000	1.693799
112.800000	1.515653
112.850000	1.351209
112.900000	1.190192
112.950000	1.058295
113.000000	0.979499
113.050000	0.941814
113.100000	0.926398
113.150000	0.946953
113.200000	0.964083
113.250000	1.000055
113.300000	1.034313
113.350000	1.048017
113.400000	1.032601
113.450000	1.044591
113.500000	1.034313
113.550000	1.041165
113.600000	1.071998
113.650000	1.119961
113.700000	1.176488
113.750000	1.233016
113.800000	1.323802
113.850000	1.409450
113.900000	1.483106
113.950000	1.565328
114.000000	1.623568
114.050000	1.662967
114.100000	1.690373
114.150000	1.626994
114.200000	1.522505
114.250000	1.443708
114.300000	1.311811
114.350000	1.145655
114.400000	0.993203
114.450000	0.875009
114.500000	0.720843
114.550000	0.652326
114.600000	0.638622
114.650000	0.654039
114.700000	0.688298
114.750000	0.739686
114.800000	0.761954
114.850000	0.837324
114.900000	0.917833
114.950000	0.986351
115.000000	1.027462
115.050000	1.077137
115.100000	1.089128
115.150000	1.078850
115.200000	1.049730
115.250000	1.034314
115.300000	1.037739
115.350000	1.051443
115.400000	1.095980
115.450000	1.171350
115.500000	1.222738
115.550000	1.260423
115.600000	1.323802
115.650000	1.334080
115.700000	1.316950
115.750000	1.287830
115.800000	1.222738
115.850000	1.131952
115.900000	1.041165
115.950000	0.928111
116.000000	0.861306
116.050000	0.804778
116.100000	0.773945
116.150000	0.779084
116.200000	0.787649
116.250000	0.859593
116.300000	0.950379
116.350000	1.003480
116.400000	1.058295
116.450000	1.104544
116.500000	1.106257
116.550000	1.094267
116.600000	1.080563
116.650000	1.085702
116.700000	1.046304
116.750000	1.029175
116.800000	1.010332
116.850000	0.982925
116.900000	0.970934
116.950000	0.934962
117.000000	0.933249
117.050000	0.907555
117.100000	0.875009
117.150000	0.821908
117.200000	0.720844
117.250000	0.614641
117.300000	0.532419
117.350000	0.477605
117.400000	0.451911
117.450000	0.470753
117.500000	0.527280
117.550000	0.611215
117.600000	0.734547
117.650000	0.880148
117.700000	1.008619
117.750000	1.133664
117.800000	1.298108
117.850000	1.373477
117.900000	1.431718
117.950000	1.448847
118.000000	1.414589
118.050000	1.376903
118.100000	1.286117
118.150000	1.200470
118.200000	1.125100
118.250000	1.060008
118.300000	0.988064
118.350000	0.957231
118.400000	0.941814
118.450000	0.982925
118.500000	1.034313
118.550000	1.087415
118.600000	1.128526
118.650000	1.191905
118.700000	1.253571
118.750000	1.280978
118.800000	1.292969
118.850000	1.292969
118.900000	1.255284
118.950000	1.239868
119.000000	1.183340
119.050000	1.131952
119.100000	1.099406
119.150000	1.054869
119.200000	1.022323
119.250000	1.029175
119.300000	1.070285
119.350000	1.116535
119.400000	1.231303
119.450000	1.334080
119.500000	1.407737
119.550000	1.477968
119.600000	1.491671
119.650000	1.426579
119.700000	1.294682
119.750000	1.145655
119.800000	0.962370
119.850000	0.734547
119.900000	0.549549
119.950000	0.381679
120.000000	0.272051
120.050000	0.177838
120.100000	0.140154
120.150000	0.186403
120.200000	0.275477
120.250000	0.417651
120.300000	0.556400
120.350000	0.739686
120.400000	0.897277
120.450000	1.029175
120.500000	1.118248
120.550000	1.169637
120.600000	1.198757
120.650000	1.164498
120.700000	1.125100
120.750000	1.094267
120.800000	1.060008
120.850000	1.029175
120.900000	1.029175
120.950000	1.048017
121.000000	1.092554
121.050000	1.150794
121.100000	1.188479
121.150000	1.198757
121.200000	1.243293
121.250000	1.255284
121.300000	1.239868
121.350000	1.188479
121.400000	1.128526
121.450000	1.066860
121.500000	0.981212
121.550000	0.871583
121.600000	0.791075
121.650000	0.744825
121.700000	0.695149
121.750000	0.698575
121.800000	0.708853
121.850000	0.792788
121.900000	0.888713
121.950000	0.993203
122.000000	1.109683
122.050000	1.234729
122.100000	1.337506
122.150000	1.418014
122.200000	1.500236
122.250000	1.524217
122.300000	1.479681
122.350000	1.407737
122.400000	1.346070
122.450000	1.279265
122.500000	1.191905
122.550000	1.137090
122.600000	1.078850
122.650000	1.049730
122.700000	1.027462
122.750000	1.034314
122.800000	1.037739
122.850000	1.020610
122.900000	1.000055
122.950000	0.979500
123.000000	0.912694
123.050000	0.864731
123.100000	0.763667
123.150000	0.703714
123.200000	0.662603
123.250000	0.595798
123.300000	0.559826
123.350000	0.554687
123.400000	0.590659
123.450000	0.636909
123.500000	0.655752
123.550000	0.710566
123.600000	0.782510
123.650000	0.842463
123.700000	0.868157
123.750000	0.895565
123.800000	0.892139
123.850000	0.880148
123.900000	0.840750
123.950000	0.787649
124.000000	0.727695
124.050000	0.654039
124.100000	0.554687
124.150000	0.486170
124.200000	0.439920
124.250000	0.367976
124.300000	0.354273
124.350000	0.364550
124.400000	0.417651
124.450000	0.505012
124.500000	0.635196
124.550000	0.780797
124.600000	0.946953
124.650000	1.056582
124.700000	1.167924
124.750000	1.263849
124.800000	1.289543
124.850000	1.282691
124.900000	1.245006
124.950000	1.147368
125.000000	1.046304
125.050000	0.928111
125.100000	0.851028
125.150000	0.785936
125.200000	0.760242
125.250000	0.744825
125.300000	0.796213
125.350000	0.871583
125.400000	0.984638
125.450000	1.107970
125.500000	1.236442
125.550000	1.323802
125.600000	1.378616
125.650000	1.382042
125.700000	1.363200
125.750000	1.284404
125.800000	1.174775
125.850000	1.042878
125.900000	0.916120
125.950000	0.809917
126.000000	0.712279
126.050000	0.604363
126.100000	0.508438
126.150000	0.439920
126.200000	0.374828
126.250000	0.330291
126.300000	0.332004
126.350000	0.332004
126.400000	0.359411
126.450000	0.421077
126.500000	0.469040
126.550000	0.559826
126.600000	0.640335
126.650000	0.746538
126.700000	0.825334
126.750000	0.883574
126.800000	0.928111
126.850000	0.986351
126.900000	0.988064
126.950000	0.986351
127.000000	0.981212
127.050000	0.926398
127.100000	0.892139
127.150000	0.876722
127.200000	0.861306
127.250000	0.857880
127.300000	0.852741
127.350000	0.864731
127.400000	0.851028
127.450000	0.845889
127.500000	0.825334
127.550000	0.821908
127.600000	0.873296
127.650000	0.936675
127.700000	1.003480
127.750000	1.087415
127.800000	1.179914
127.850000	1.291256
127.900000	1.375191
127.950000	1.464264
128.000000	1.553337
128.050000	1.587596
128.100000	1.573893
128.150000	1.489958
128.200000	1.390607
128.250000	1.256997
128.300000	1.123387
128.350000	0.981212
128.400000	0.864731
128.450000	0.753390
128.500000	0.667742
128.550000	0.645474
128.600000	0.676307
128.650000	0.724270
128.700000	0.797926
128.750000	0.887000
128.800000	0.967508
128.850000	1.020610
128.900000	1.051443
128.950000	1.030888
129.000000	0.993203
129.050000	0.924685
129.100000	0.815056
129.150000	0.686585
129.200000	0.566678
129.250000	0.472466
129.300000	0.388531
129.350000	0.297745
129.400000	0.261773
129.450000	0.224088
129.500000	0.196681
129.550000	0.229227
129.600000	0.272051
129.650000	0.308023
129.700000	0.349133
129.750000	0.391957
129.800000	0.457049
129.850000	0.465614
129.900000	0.453623
129.950000	0.458762
130.000000	0.450198
130.050000	0.414226
130.100000	0.350846
130.150000	0.316587
130.200000	0.304597
130.250000	0.284041
130.300000	0.308023
130.350000	0.378254
130.400000	0.441633
130.450000	0.505012
130.500000	0.597511
130.550000	0.700288
130.600000	0.758529
130.650000	0.821908
130.700000	0.868157
130.750000	0.864731
130.800000	0.845889
130.850000	0.859593
130.900000	0.854454
130.950000	0.813343
131.000000	0.760242
131.050000	0.734547
131.100000	0.734547
131.150000	0.727695
131.200000	0.746538
131.250000	0.785936
131.300000	0.837324
131.350000	0.866444
131.400000	0.905842
131.450000	0.887000
131.500000	0.852741
131.550000	0.801352
131.600000	0.748251
131.650000	0.722557
131.700000	0.657465
131.750000	0.643761
131.800000	0.630057
131.850000	0.590659
131.900000	0.563252
131.950000	0.549549
132.000000	0.535845
132.050000	0.523854
132.100000	0.506725
132.150000	0.493021
132.200000	0.465614
132.250000	0.431355
132.300000	0.388531
132.350000	0.345708
132.400000	0.280616
132.450000	0.220662
132.500000	0.212097
132.550000	0.260060
132.600000	0.308023
132.650000	0.342282
132.700000	0.403948
132.750000	0.486169
132.800000	0.539271
132.850000	0.592372
132.900000	0.619780
132.950000	0.621493
133.000000	0.635196
133.050000	0.614641
133.100000	0.568391
133.150000	0.505012
133.200000	0.450198
133.250000	0.379967
133.300000	0.349133
133.350000	0.320013
133.400000	0.287467
133.450000	0.289180
133.500000	0.296032
133.550000	0.260060
133.600000	0.260060
133.650000	0.229227
133.700000	0.232653
133.750000	0.239505
133.800000	0.253208
133.850000	0.266912
133.900000	0.268625
133.950000	0.285754
134.000000	0.313162
134.050000	0.337143
134.100000	0.371402
134.150000	0.390244
134.200000	0.410799
134.250000	0.373115
134.300000	0.304597
134.350000	0.208671
134.400000	0.119599
134.450000	0.028812
134.500000	-0.082530
134.550000	-0.178455
134.600000	-0.228131
134.650000	-0.240122
134.700000	-0.211002
134.750000	-0.157900
134.800000	-0.002021
134.850000	0.155570
134.900000	0.332004
134.950000	0.487882
135.000000	0.645474
135.050000	0.784223
135.100000	0.863019
135.150000	0.912694
135.200000	0.928111
135.250000	0.900703
135.300000	0.823621
135.350000	0.725982
135.400000	0.650613
135.450000	0.552975
135.500000	0.481030
135.550000	0.433068
135.600000	0.415939
135.650000	0.388531
135.700000	0.374827
135.750000	0.369689
135.800000	0.373115
135.850000	0.345708
135.900000	0.323439
135.950000	0.299458
136.000000	0.290893
136.050000	0.285755
136.100000	0.297745
136.150000	0.350846
136.200000	0.379967
136.250000	0.421077
136.300000	0.462188
136.350000	0.587234
136.400000	0.695149
136.450000	0.796213
136.500000	0.839037
136.550000	0.876722
136.600000	0.875009
136.650000	0.840750
136.700000	0.780797
136.750000	0.688298
136.800000	0.561539
136.850000	0.443346
136.900000	0.335430
136.950000	0.225801
137.000000	0.165848
137.050000	0.140153
137.100000	0.172699
137.150000	0.218950
137.200000	0.304597
137.250000	0.403948
137.300000	0.511864
137.350000	0.652326
137.400000	0.749964
137.450000	0.851028
137.500000	0.946953
137.550000	1.013758
137.600000	1.071998
137.650000	1.070285
137.700000	1.078850
137.750000	1.046304
137.800000	0.977786
137.850000	0.887000
137.900000	0.770519
137.950000	0.616354
138.000000	0.446772
138.050000	0.280616
138.100000	0.141867
138.150000	0.025386
138.200000	-0.048271
138.250000	-0.096233
138.300000	-0.109937
138.350000	-0.061974
138.400000	0.045941
138.450000	0.179551
138.500000	0.383392
138.550000	0.576956
138.600000	0.796213
138.650000	0.967508
138.700000	1.123387
138.750000	1.250145
138.800000	1.327228
138.850000	1.346070
138.900000	1.323802
138.950000	1.289543
139.000000	1.198757
139.050000	1.109683
139.100000	0.998342
139.150000	0.851028
139.200000	0.720844
139.250000	0.578669
139.300000	0.487882
139.350000	0.421077
139.400000	0.361124
139.450000	0.304597
139.500000	0.284041
139.550000	0.290893
139.600000	0.321726
139.650000	0.415939
139.700000	0.522141
139.750000	0.657464
139.800000	0.791075
139.850000	0.893852
139.900000	0.960657
139.950000	1.022323
140.000000	1.039452
140.050000	0.993203
140.100000	0.924685
140.150000	0.809917
140.200000	0.696862
140.250000	0.546123
140.300000	0.402235
140.350000	0.289180
140.400000	0.234366
140.450000	0.215523
140.500000	0.227514
140.550000	0.294319
140.600000	0.313161
140.650000	0.371402
140.700000	0.441633
140.750000	0.487882
140.800000	0.511864
140.850000	0.525567
140.900000	0.534132
140.950000	0.489595
141.000000	0.424503
141.050000	0.318300
141.100000	0.246356
141.150000	0.212097
141.200000	0.165848
141.250000	0.155570
141.300000	0.158996
141.350000	0.177838
141.400000	0.234366
141.450000	0.318300
141.500000	0.393670
141.550000	0.484457
141.600000	0.578669
141.650000	0.652326
141.700000	0.712279
141.750000	0.751677
141.800000	0.784223
141.850000	0.751677
141.900000	0.719131
141.950000	0.676307
142.000000	0.595798
142.050000	0.462188
142.100000	0.340569
142.150000	0.260060
142.200000	0.193255
142.250000	0.147005
142.300000	0.153857
142.350000	0.186403
142.400000	0.270338
142.450000	0.362837
142.500000	0.472466
142.550000	0.599224
142.600000	0.734547
142.650000	0.852741
142.700000	0.957231
142.750000	0.962370
142.800000	0.890426
142.850000	0.835611
142.900000	0.751677
142.950000	0.647187
143.000000	0.539271
143.050000	0.443346
143.100000	0.359411
143.150000	0.294319
143.200000	0.265199
143.250000	0.278903
143.300000	0.275477
143.350000	0.278903
143.400000	0.297745
143.450000	0.313162
143.500000	0.308023
143.550000	0.292606
143.600000	0.254922
143.650000	0.236079
143.700000	0.249782
143.750000	0.242930
143.800000	0.227514
143.850000	0.263486
143.900000	0.325152
143.950000	0.417651
144.000000	0.537558
144.050000	0.657465
144.100000	0.782510
144.150000	0.888713
144.200000	0.977786
144.250000	1.046304
144.300000	1.116535
144.350000	1.162785
144.400000	1.205609
144.450000	1.207321
144.500000	1.198757
144.550000	1.164498
144.600000	1.123387
144.650000	1.020610
144.700000	0.931537
144.750000	0.854454
144.800000	0.724270
144.850000	0.561539
144.900000	0.393670
144.950000	0.275477
145.000000	0.123024
145.050000	0.042515
145.100000	-0.034567
145.150000	-0.101373
145.200000	-0.113363
145.250000	-0.096234
145.300000	-0.053410
145.350000	0.009969
145.400000	0.083626
145.450000	0.181264
145.500000	0.290893
145.550000	0.451911
145.600000	0.587234
145.650000	0.720844
145.700000	0.837324
145.750000	0.921259
145.800000	1.001767
145.850000	1.036026
145.900000	1.078850
145.950000	1.095980
146.000000	1.075424
146.050000	1.027462
146.100000	0.952092
146.150000	0.825334
146.200000	0.731121
146.250000	0.606076
146.300000	0.539271
146.350000	0.475892
146.400000	0.417652
146.450000	0.397096
146.500000	0.395383
146.550000	0.450198
146.600000	0.513577
146.650000	0.558113
146.700000	0.650613
146.750000	0.717418
146.800000	0.763667
146.850000	0.792788
146.900000	0.803065
146.950000	0.791075
147.000000	0.715705
147.050000	0.672881
147.100000	0.587234
147.150000	0.505012
147.200000	0.434781
147.250000	0.373114
147.300000	0.347420
147.350000	0.350847
147.400000	0.414226
147.450000	0.467327
147.500000	0.506725
147.550000	0.592372
147.600000	0.676307
147.650000	0.749964
147.700000	0.828759
147.750000	0.871583
147.800000	0.898990
147.850000	0.928111
147.900000	0.955518
147.950000	0.887000
148.000000	0.859593
148.050000	0.825334
148.100000	0.751677
148.150000	0.702001
148.200000	0.635196
148.250000	0.624918
148.300000	0.619780
148.350000	0.669455
148.400000	0.700288
148.450000	0.775658
148.500000	0.861306
148.550000	0.938388
148.600000	1.036026
148.650000	1.080563
148.700000	1.104544
148.750000	1.089128
148.800000	0.994916
148.850000	0.902416
148.900000	0.796213
148.950000	0.678020
149.000000	0.566678
149.050000	0.499873
149.100000	0.443346
149.150000	0.415939
149.200000	0.465614
149.250000	0.551262
149.300000	0.664316
149.350000	0.780797
149.400000	0.928111
149.450000	1.051443
149.500000	1.217599
149.550000	1.334080
149.600000	1.421441
149.650000	1.486532
149.700000	1.531069
149.750000	1.570467
149.800000	1.582458
149.850000	1.561902
149.900000	1.505375
149.950000	1.424866
150.000000	1.349496
150.050000	1.251858
150.100000	1.140516
150.150000	1.032601
150.200000	0.941815
150.250000	0.837325
150.300000	0.797927
150.350000	0.743113
150.400000	0.717418
150.450000	0.710566
150.500000	0.724270
150.550000	0.748251
150.600000	0.756816
150.650000	0.815056
150.700000	0.844176
150.750000	0.844176
150.800000	0.844176
150.850000	0.840750
150.900000	0.835611
150.950000	0.864731
151.000000	0.885287
151.050000	0.890426
151.100000	0.907555
151.150000	0.929824
151.200000	0.989777
151.250000	1.030887
151.300000	1.077137
151.350000	1.073711
151.400000	1.077138
151.450000	1.049730
151.500000	1.020610
151.550000	0.933249
151.600000	0.825334
151.650000	0.690011
151.700000	0.537558
151.750000	0.386819
151.800000	0.241218
151.850000	0.160709
151.900000	0.131589
151.950000	0.112746
152.000000	0.140153
152.050000	0.217236
152.100000	0.332004
152.150000	0.445058
152.200000	0.539271
152.250000	0.618066
152.300000	0.667742
152.350000	0.674594
152.400000	0.638622
152.450000	0.568391
152.500000	0.462188
152.550000	0.371402
152.600000	0.287467
152.650000	0.218950
152.700000	0.186403
152.750000	0.176126
152.800000	0.230940
152.850000	0.299458
152.900000	0.397096
152.950000	0.493021
153.000000	0.645474
153.050000	0.791075
153.100000	0.931536
153.150000	1.036026
153.200000	1.095980
153.250000	1.116535
153.300000	1.095980
153.350000	1.073711
153.400000	0.998342
153.450000	0.917833
153.500000	0.804778
153.550000	0.666029
153.600000	0.564965
153.650000	0.474179
153.700000	0.409087
153.750000	0.400522
153.800000	0.391957
153.850000	0.398809
153.900000	0.419364
153.950000	0.424503
154.000000	0.462188
154.050000	0.517003
154.100000	0.576956
154.150000	0.618067
154.200000	0.662603
154.250000	0.708853
154.300000	0.731121
154.350000	0.743112
154.400000	0.801352
154.450000	0.863018
154.500000	0.916120
154.550000	0.982925
154.600000	1.077137
154.650000	1.123387
154.700000	1.178201
154.750000	1.215886
154.800000	1.246719
154.850000	1.241580
154.900000	1.219312
154.950000	1.155933
155.000000	1.068572
155.050000	0.964083
155.100000	0.859593
155.150000	0.780797
155.200000	0.751677
155.250000	0.746538
155.300000	0.715705
155.350000	0.715705
155.400000	0.761955
155.450000	0.815056
155.500000	0.852742
155.550000	0.907556
155.600000	0.938389
155.650000	0.962370
155.700000	0.986352
155.750000	1.010333
155.800000	1.013758
155.850000	1.012045
155.900000	1.034313
155.950000	1.005193
156.000000	0.989776
156.050000	0.984638
156.100000	0.998342
156.150000	1.046304
156.200000	1.080563
156.250000	1.097692
156.300000	1.118248
156.350000	1.107971
156.400000	1.135378
156.450000	1.159358
156.500000	1.198757
156.550000	1.221025
156.600000	1.231303
156.650000	1.233016
156.700000	1.233016
156.750000	1.260423
156.800000	1.251858
156.850000	1.234729
156.900000	1.203896
156.950000	1.147368
157.000000	1.066860
157.050000	1.005193
157.100000	0.965796
157.150000	0.900703
157.200000	0.869870
157.250000	0.835611
157.300000	0.818482
157.350000	0.820195
157.400000	0.845889
157.450000	0.873296
157.500000	0.898990
157.550000	0.912694
157.600000	0.902416
157.650000	0.868158
157.700000	0.851028
157.750000	0.811630
157.800000	0.758529
157.850000	0.676307
157.900000	0.606076
157.950000	0.520428
158.000000	0.479318
158.050000	0.455336
158.100000	0.417651
158.150000	0.433068
158.200000	0.462188
158.250000	0.460475
158.300000	0.472466
158.350000	0.491308
158.400000	0.542697
158.450000	0.614641
158.500000	0.683159
158.550000	0.756816
158.600000	0.844176
158.650000	0.931536
158.700000	0.974360
158.750000	1.034314
158.800000	1.063434
158.850000	1.080563
158.900000	1.085702
158.950000	1.075424
159.000000	1.113109
159.050000	1.159359
159.100000	1.226164
159.150000	1.304960
159.200000	1.423153
159.250000	1.536208
159.300000	1.664679
159.350000	1.791437
159.400000	1.892501
159.450000	1.945603
159.500000	1.940464
159.550000	1.902779
159.600000	1.774308
159.650000	1.620142
159.700000	1.406024
159.750000	1.179914
159.800000	0.946953
159.850000	0.719131
159.900000	0.554688
159.950000	0.470753
160.000000	0.494734
160.050000	0.571817
160.100000	0.744825
160.150000	0.970934
160.200000	1.234729
160.250000	1.483106
160.300000	1.700651
160.350000	1.871946
160.400000	1.981575
160.450000	1.988427
160.500000	1.916483
160.550000	1.764031
160.600000	1.572179
160.650000	1.347783
160.700000	1.121674
160.750000	0.909268
160.800000	0.749964
160.850000	0.710566
160.900000	0.712279
160.950000	0.770519
161.000000	0.857880
161.050000	0.969221
161.100000	1.082276
161.150000	1.202183
161.200000	1.280978
161.250000	1.327228
161.300000	1.337506
161.350000	1.270701
161.400000	1.191905
161.450000	1.051443
161.500000	0.917833
161.550000	0.808204
161.600000	0.719131
161.650000	0.669455
161.700000	0.695149
161.750000	0.712279
161.800000	0.779084
161.850000	0.876722
161.900000	0.982925
161.950000	1.036027
162.000000	1.113109
162.050000	1.164498
162.100000	1.193618
162.150000	1.221025
162.200000	1.226164
162.250000	1.212461
162.300000	1.176488
162.350000	1.150794
162.400000	1.102831
162.450000	1.022323
162.500000	0.977786
162.550000	0.940101
162.600000	0.895565
162.650000	0.868157
162.700000	0.820195
162.750000	0.734547
162.800000	0.696862
162.850000	0.659177
162.900000	0.643761
162.950000	0.636909
163.000000	0.676307
163.050000	0.755103
163.100000	0.859593
163.150000	0.981212
163.200000	1.106257
163.250000	1.210747
163.300000	1.287830
163.350000	1.388894
163.400000	1.457412
163.450000	1.474541
163.500000	1.455699
163.550000	1.423153
163.600000	1.349496
163.650000	1.234729
163.700000	1.101119
163.750000	1.000055
163.800000	0.905842
163.850000	0.849315
163.900000	0.811630
163.950000	0.832185
164.000000	0.830472
164.050000	0.856167
164.100000	0.864731
164.150000	0.863019
164.200000	0.873297
164.250000	0.868157
164.300000	0.869870
164.350000	0.844176
164.400000	0.785936
164.450000	0.737973
164.500000	0.700289
164.550000	0.650613
164.600000	0.648900
164.650000	0.647187
164.700000	0.643760
164.750000	0.669455
164.800000	0.712279
164.850000	0.736260
164.900000	0.732834
164.950000	0.763667
165.000000	0.755103
165.050000	0.736260
165.100000	0.703714
165.150000	0.662604
165.200000	0.630057
165.250000	0.568391
165.300000	0.510151
165.350000	0.474179
165.400000	0.448484
165.450000	0.403948
165.500000	0.362837
165.550000	0.325152
165.600000	0.347421
165.650000	0.347420
165.700000	0.393671
165.750000	0.494734
165.800000	0.585520
165.850000	0.676307
165.900000	0.773945
165.950000	0.871583
166.000000	0.969221
166.050000	0.993203
166.100000	1.015471
166.150000	0.976073
166.200000	0.881861
166.250000	0.811630
166.300000	0.705427
166.350000	0.599224
166.400000	0.436494
166.450000	0.361124
166.500000	0.321726
166.550000	0.290893
166.600000	0.299458
166.650000	0.376541
166.700000	0.455336
166.750000	0.592372
166.800000	0.724270
166.850000	0.842463
166.900000	0.943527
166.950000	1.012045
167.000000	1.046304
167.050000	1.034314
167.100000	0.962370
167.150000	0.873296
167.200000	0.794501
167.250000	0.688298
167.300000	0.600937
167.350000	0.547836
167.400000	0.539271
167.450000	0.568391
167.500000	0.635196
167.550000	0.751677
167.600000	0.875009
167.650000	1.008619
167.700000	1.130239
167.750000	1.239867
167.800000	1.340932
167.850000	1.416301
167.900000	1.421440
167.950000	1.400885
168.000000	1.316950
168.050000	1.227877
168.100000	1.137091
168.150000	1.058294
168.200000	0.979499
168.250000	0.868157
168.300000	0.797926
168.350000	0.782510
168.400000	0.761954
168.450000	0.784223
168.500000	0.821908
168.550000	0.854454
168.600000	0.936675
168.650000	1.006906
168.700000	1.095980
168.750000	1.164498
168.800000	1.186766
168.850000	1.198757
168.900000	1.190192
168.950000	1.149081
169.000000	1.092554
169.050000	1.039452
169.100000	0.952092
169.150000	0.890426
169.200000	0.847602
169.250000	0.809917
169.300000	0.746538
169.350000	0.758529
169.400000	0.827047
169.450000	0.909268
169.500000	1.036026
169.550000	1.169637
169.600000	1.315237
169.650000	1.450560
169.700000	1.548198
169.750000	1.664679
169.800000	1.753753
169.850000	1.841113
169.900000	1.868520
169.950000	1.887362
170.000000	1.883937
170.050000	1.847965
170.100000	1.800002
170.150000	1.726345
170.200000	1.645837
170.250000	1.510513
170.300000	1.385468
170.350000	1.263849
170.400000	1.147368
170.450000	1.003480
170.500000	0.895565
170.550000	0.792788
170.600000	0.708853
170.650000	0.654039
170.700000	0.631770
170.750000	0.616354
170.800000	0.618067
170.850000	0.655752
170.900000	0.681446
170.950000	0.737973
171.000000	0.799639
171.050000	0.883574
171.100000	0.965795
171.150000	1.037739
171.200000	1.123387
171.250000	1.193618
171.300000	1.323802
171.350000	1.406024
171.400000	1.507088
171.450000	1.585883
171.500000	1.630420
171.550000	1.637272
171.600000	1.613291
171.650000	1.568754
171.700000	1.500236
171.750000	1.428292
171.800000	1.395746
171.850000	1.342645
171.900000	1.327228
171.950000	1.342644
172.000000	1.349496
172.050000	1.339219
172.100000	1.366626
172.150000	1.373478
172.200000	1.387181
172.250000	1.390607
172.300000	1.388894
172.350000	1.424866
172.400000	1.409450
172.450000	1.406023
172.500000	1.406024
172.550000	1.424866
172.600000	1.411162
172.650000	1.406024
172.700000	1.412876
172.750000	1.414588
172.800000	1.419727
172.850000	1.431718
172.900000	1.387181
172.950000	1.339219
173.000000	1.272414
173.050000	1.130239
173.100000	0.974360
173.150000	0.821908
173.200000	0.691724
173.250000	0.612928
173.300000	0.530706
173.350000	0.493021
173.400000	0.511864
173.450000	0.582095
173.500000	0.683159
173.550000	0.833898
173.600000	1.001767
173.650000	1.137091
173.700000	1.282691
173.750000	1.387181
173.800000	1.450560
173.850000	1.507087
173.900000	1.537921
173.950000	1.541347
174.000000	1.483107
174.050000	1.412876
174.100000	1.342645
174.150000	1.323802
174.200000	1.364913
174.250000	1.423153
174.300000	1.505375
174.350000	1.608152
174.400000	1.721207
174.450000	1.782873
174.500000	1.841113
174.550000	1.837687
174.600000	1.776021
174.650000	1.645837
174.700000	1.517365
174.750000	1.383756
174.800000	1.222738
174.850000	1.078850
174.900000	0.979499
174.950000	0.931536
175.000000	0.898990
175.050000	0.893852
175.100000	0.919546
175.150000	0.989777
175.200000	1.070285
175.250000	1.140516
175.300000	1.155933
175.350000	1.164498
175.400000	1.113109
175.450000	1.041165
175.500000	0.986351
175.550000	0.897277
175.600000	0.821908
175.650000	0.761954
175.700000	0.707140
175.750000	0.683159
175.800000	0.679733
175.850000	0.727695
175.900000	0.758529
175.950000	0.845889
176.000000	0.953805
176.050000	1.049730
176.100000	1.138803
176.150000	1.186766
176.200000	1.212461
176.250000	1.176489
176.300000	1.130238
176.350000	1.046304
176.400000	0.955518
176.450000	0.909268
176.500000	0.825334
176.550000	0.808204
176.600000	0.840750
176.650000	0.878435
176.700000	0.945240
176.750000	1.020610
176.800000	1.087415
176.850000	1.183340
176.900000	1.275839
176.950000	1.313524
177.000000	1.340932
177.050000	1.352922
177.100000	1.349496
177.150000	1.279265
177.200000	1.214173
177.250000	1.107970
177.300000	1.013758
177.350000	0.928111
177.400000	0.871583
177.450000	0.837324
177.500000	0.837324
177.550000	0.869870
177.600000	0.953805
177.650000	1.065147
177.700000	1.186766
177.750000	1.310098
177.800000	1.407737
177.850000	1.503662
177.900000	1.563615
177.950000	1.577319
178.000000	1.520791
178.050000	1.426579
178.100000	1.322089
178.150000	1.162785
178.200000	1.001767
178.250000	0.815056
178.300000	0.669455
178.350000	0.546123
178.400000	0.453623
178.450000	0.409087
178.500000	0.393670
178.550000	0.421077
178.600000	0.508438
178.650000	0.594085
178.700000	0.707140
178.750000	0.852741
178.800000	0.974360
178.850000	1.104544
178.900000	1.221025
178.950000	1.310098
179.000000	1.414588
179.050000	1.452273
179.100000	1.459125
179.150000	1.450560
179.200000	1.433431
179.250000	1.419727
179.300000	1.404311
179.350000	1.388894
179.400000	1.385468
179.450000	1.392320
179.500000	1.419727
179.550000	1.453986
179.600000	1.440283
179.650000	1.460838
179.700000	1.508801
179.750000	1.573893
179.800000	1.596161
179.850000	1.609865
179.900000	1.620142
179.950000	1.628707
180.000000	1.594448
180.050000	1.512227
180.100000	1.419727
180.150000	1.323802
180.200000	1.258710
180.250000	1.186766
180.300000	1.167924
180.350000	1.142229
180.400000	1.102831
180.450000	1.071998
180.500000	1.024036
180.550000	1.024036
180.600000	1.010332
180.650000	0.991490
180.700000	0.994916
180.750000	1.012045
180.800000	1.024036
180.850000	1.020610
180.900000	1.025749
180.950000	1.008619
181.000000	0.988064
181.050000	0.974360
181.100000	0.969221
181.150000	0.970934
181.200000	0.996629
181.250000	1.010332
181.300000	1.044591
181.350000	1.058295
181.400000	1.113109
181.450000	1.171350
181.500000	1.250145
181.550000	1.287830
181.600000	1.334080
181.650000	1.399172
181.700000	1.453986
181.750000	1.510514
181.800000	1.560189
181.850000	1.585883
181.900000	1.551624
181.950000	1.548199
182.000000	1.524217
182.050000	1.481393
182.100000	1.453986
182.150000	1.428292
182.200000	1.406024
182.250000	1.435144
182.300000	1.479681
182.350000	1.543060
182.400000	1.623568
182.450000	1.710929
182.500000	1.800002
182.550000	1.902779
182.600000	2.005556
182.650000	2.036389
182.700000	2.041528
182.750000	2.000417
182.800000	1.914770
182.850000	1.770882
182.900000	1.659540
182.950000	1.525930
183.000000	1.344357
183.050000	1.185053
183.100000	1.051443
183.150000	0.979499
183.200000	0.922972
183.250000	0.875009
183.300000	0.919546
183.350000	0.989777
183.400000	1.099406
183.450000	1.245006
183.500000	1.388894
183.550000	1.512227
183.600000	1.621855
183.650000	1.716068
183.700000	1.758891
183.750000	1.779447
183.800000	1.755465
183.850000	1.678383
183.900000	1.592735
183.950000	1.481394
184.000000	1.387181
184.050000	1.274126
184.100000	1.198757
184.150000	1.154220
184.200000	1.121674
184.250000	1.099406
184.300000	1.097693
184.350000	1.154220
184.400000	1.227877
184.450000	1.318663
184.500000	1.404311
184.550000	1.479680
184.600000	1.544773
184.650000	1.579032
184.700000	1.599587
184.750000	1.604726
184.800000	1.630420
184.850000	1.652688
184.900000	1.620142
184.950000	1.507088
185.000000	1.395746
185.050000	1.267275
185.100000	1.164498
185.150000	1.054869
185.200000	0.969221
185.250000	0.892139
185.300000	0.839037
185.350000	0.815056
185.400000	0.837324
185.450000	0.827047
185.500000	0.849315
185.550000	0.941814
185.600000	1.013758
185.650000	1.118248
185.700000	1.258710
185.750000	1.388894
185.800000	1.501949
185.850000	1.591022
185.900000	1.673244
185.950000	1.726345
186.000000	1.745188
186.050000	1.714354
186.100000	1.683521
186.150000	1.630420
186.200000	1.597875
186.250000	1.558477
186.300000	1.517365
186.350000	1.493384
186.400000	1.479681
186.450000	1.501949
186.500000	1.517365
186.550000	1.532782
186.600000	1.548199
186.650000	1.577319
186.700000	1.626994
186.750000	1.656114
186.800000	1.712642
186.850000	1.774308
186.900000	1.817132
186.950000	1.842826
187.000000	1.854816
187.050000	1.877085
187.100000	1.894214
187.150000	1.902779
187.200000	1.870233
187.250000	1.851390
187.300000	1.777734
187.350000	1.702364
187.400000	1.582457
187.450000	1.453986
187.500000	1.358061
187.550000	1.260423
187.600000	1.152507
187.650000	1.094267
187.700000	1.082276
187.750000	1.125100
187.800000	1.188479
187.850000	1.248432
187.900000	1.330654
187.950000	1.406024
188.000000	1.467690
188.050000	1.493384
188.100000	1.500236
188.150000	1.447134
188.200000	1.342645
188.250000	1.268988
188.300000	1.154220
188.350000	1.012045
188.400000	0.931537
188.450000	0.876722
188.500000	0.852741
188.550000	0.854454
188.600000	0.900703
188.650000	0.953805
188.700000	1.058295
188.750000	1.198757
188.800000	1.308385
188.850000	1.378616
188.900000	1.400885
188.950000	1.380329
189.000000	1.340932
189.050000	1.275839
189.100000	1.171349
189.150000	1.077137
189.200000	1.003480
189.250000	0.929824
189.300000	0.868157
189.350000	0.842463
189.400000	0.820195
189.450000	0.779084
189.500000	0.770519
189.550000	0.758529
189.600000	0.770519
189.650000	0.782510
189.700000	0.809917
189.750000	0.844176
189.800000	0.866444
189.850000	0.924685
189.900000	1.001767
189.950000	1.082276
190.000000	1.190192
190.050000	1.284404
190.100000	1.351209
190.150000	1.409450
190.200000	1.486532
190.250000	1.561902
190.300000	1.568754
190.350000	1.601300
190.400000	1.589309
190.450000	1.531069
190.500000	1.489958
190.550000	1.477968
190.600000	1.462551
190.650000	1.498523
190.700000	1.568754
190.750000	1.650975
190.800000	1.731484
190.850000	1.788012
190.900000	1.866807
190.950000	1.882224
191.000000	1.877085
191.050000	1.815419
191.100000	1.745188
191.150000	1.620142
191.200000	1.515652
191.250000	1.419727
191.300000	1.308385
191.350000	1.222738
191.400000	1.174775
191.450000	1.161072
191.500000	1.152507
191.550000	1.209034
191.600000	1.250145
191.650000	1.308385
191.700000	1.375191
191.750000	1.436857
191.800000	1.481393
191.850000	1.503662
191.900000	1.537921
191.950000	1.524217
192.000000	1.508801
192.050000	1.505375
192.100000	1.537921
192.150000	1.577319
192.200000	1.640698
192.250000	1.700651
192.300000	1.784586
192.350000	1.909631
192.400000	2.014121
192.450000	2.101481
192.500000	2.175138
192.550000	2.253934
192.600000	2.283054
192.650000	2.295045
192.700000	2.229953
192.750000	2.122037
192.800000	1.979862
192.850000	1.815419
192.900000	1.662966
192.950000	1.505375
193.000000	1.340932
193.050000	1.224451
193.100000	1.128526
193.150000	1.056582
193.200000	1.015471
193.250000	1.027462
193.300000	1.061721
193.350000	1.083989
193.400000	1.179914
193.450000	1.267275
193.500000	1.368339
193.550000	1.431718
193.600000	1.496810
193.650000	1.567041
193.700000	1.603013
193.750000	1.640698
193.800000	1.625281
193.850000	1.568754
193.900000	1.508801
193.950000	1.484819
194.000000	1.503662
194.050000	1.495097
194.100000	1.517365
194.150000	1.527643
194.200000	1.531069
194.250000	1.515652
194.300000	1.495097
194.350000	1.452273
