4.150000	45.200000
4.202019	47.100000
4.254037	49.000000
4.306056	50.800000
4.358074	52.400000
4.410093	53.900000
4.462112	55.100000
4.514130	56.200000
4.566149	57.000000
4.618167	57.500000
4.670186	57.700000
4.722205	57.700000
4.774223	57.400000
4.826242	56.800000
4.878260	55.900000
4.930279	54.800000
4.982297	53.500000
5.034316	52.000000
5.086335	50.200000
5.138353	48.400000
5.190372	46.500000
5.242390	44.500000
5.294409	42.400000
5.346428	40.400000
5.398446	38.500000
5.450465	36.600000
5.502483	34.900000
5.554502	33.300000
5.606521	32.000000
5.658539	30.800000
5.710558	29.900000
5.762576	29.200000
5.814595	28.900000
5.866614	28.700000
5.918632	28.900000
5.970651	29.300000
6.022669	30.000000
6.074688	30.900000
6.126707	32.100000
6.178725	33.400000
6.230744	34.900000
6.282762	36.500000
6.334781	38.200000
6.386799	40.000000
6.438818	41.800000
6.490837	43.500000
6.542855	45.300000
6.594874	46.900000
6.646892	48.400000
6.698911	49.700000
6.750930	50.900000
6.802948	51.800000
6.854967	52.500000
6.906985	53.000000
6.959004	53.200000
7.011023	53.100000
7.063041	52.800000
7.115060	52.300000
7.167078	51.400000
7.219097	50.400000
7.271116	49.200000
7.323134	47.700000
7.375153	46.100000
7.427171	44.400000
7.479190	42.600000
7.531208	40.800000
7.583227	38.900000
7.635246	37.100000
7.687264	35.300000
7.739283	33.600000
7.791301	32.000000
7.843320	30.600000
7.895339	29.400000
7.947357	28.300000
7.999376	27.500000
8.051394	26.900000
8.103413	26.600000
8.155432	26.500000
8.207450	26.700000
8.259469	27.100000
8.311487	27.700000
8.363506	28.600000
8.415525	29.700000
8.467543	30.900000
8.519562	32.300000
8.571580	33.800000
8.623599	35.400000
8.675618	37.000000
8.727636	38.600000
8.779655	40.300000
8.831673	41.900000
8.883692	43.300000
8.935710	44.700000
8.987729	45.900000
9.039748	47.000000
9.091766	47.800000
9.143785	48.500000
9.195803	48.900000
9.247822	49.000000
9.299841	49.000000
9.351859	48.700000
9.403878	48.100000
9.455896	47.400000
9.507915	46.400000
9.559934	45.200000
9.611952	43.900000
9.663971	42.400000
9.715989	40.900000
9.768008	39.200000
9.820027	37.500000
9.872045	35.800000
9.924064	34.100000
9.976082	32.400000
10.028101	30.900000
10.080120	29.400000
10.132138	28.200000
10.184157	27.000000
10.236175	26.100000
10.288194	25.400000
10.340212	24.800000
10.392231	24.600000
10.444250	24.500000
10.496268	24.700000
10.548287	25.100000
10.600305	25.700000
10.652324	26.500000
10.704343	27.500000
10.756361	28.700000
10.808380	29.900000
10.860398	31.300000
10.912417	32.800000
10.964436	34.300000
11.016454	35.800000
11.068473	37.300000
11.120491	38.800000
11.172510	40.100000
11.224529	41.400000
11.276547	42.500000
11.328566	43.400000
11.380584	44.200000
11.432603	44.800000
11.484622	45.100000
11.536640	45.300000
11.588659	45.200000
11.640677	44.900000
11.692696	44.400000
11.744714	43.700000
11.796733	42.700000
11.848752	41.700000
11.900770	40.400000
11.952789	39.100000
12.004807	37.600000
12.056826	36.100000
12.108845	34.500000
12.160863	32.900000
12.212882	31.400000
12.264900	29.900000
12.316919	28.500000
12.368938	27.100000
12.420956	26.000000
12.472975	24.900000
12.524993	24.100000
12.577012	23.400000
12.629031	23.000000
12.681049	22.700000
12.733068	22.700000
12.785086	22.900000
12.837105	23.300000
12.889124	23.900000
12.941142	24.600000
12.993161	25.500000
13.045179	26.600000
13.097198	27.800000
13.149216	29.100000
13.201235	30.500000
13.253254	31.800000
13.305272	33.200000
13.357291	34.600000
13.409309	36.000000
13.461328	37.200000
13.513347	38.300000
13.565365	39.400000
13.617384	40.200000
13.669402	40.900000
13.721421	41.400000
13.773440	41.700000
13.825458	41.800000
13.877477	41.800000
13.929495	41.500000
13.981514	41.000000
14.033533	40.300000
14.085551	39.400000
14.137570	38.400000
14.189588	37.300000
14.241607	36.000000
14.293625	34.700000
14.345644	33.300000
14.397663	31.800000
14.449681	30.400000
14.501700	28.900000
14.553718	27.600000
14.605737	26.300000
14.657756	25.100000
14.709774	24.000000
14.761793	23.100000
14.813811	22.300000
14.865830	21.700000
14.917849	21.300000
14.969867	21.100000
15.021886	21.100000
15.073904	21.300000
15.125923	21.600000
15.177942	22.200000
15.229960	22.900000
15.281979	23.800000
15.333997	24.800000
15.386016	25.900000
15.438035	27.100000
15.490053	28.300000
15.542072	29.600000
15.594090	30.900000
15.646109	32.200000
15.698127	33.400000
15.750146	34.500000
15.802165	35.600000
15.854183	36.500000
15.906202	37.300000
15.958220	37.900000
16.010239	38.400000
16.062258	38.600000
16.114276	38.700000
16.166295	38.600000
16.218313	38.300000
16.270332	37.900000
16.322351	37.200000
16.374369	36.400000
16.426388	35.500000
16.478406	34.400000
16.530425	33.300000
16.582444	32.000000
16.634462	30.700000
16.686481	29.400000
16.738499	28.000000
16.790518	26.700000
16.842537	25.500000
16.894555	24.300000
16.946574	23.200000
16.998592	22.200000
17.050611	21.400000
17.102629	20.700000
17.154648	20.100000
17.206667	19.800000
17.258685	19.600000
17.310704	19.600000
17.362722	19.800000
17.414741	20.200000
17.466760	20.700000
17.518778	21.400000
17.570797	22.200000
17.622815	23.100000
17.674834	24.100000
17.726853	25.200000
17.778871	26.400000
17.830890	27.600000
17.882908	28.800000
17.934927	29.900000
17.986946	31.000000
18.038964	32.100000
18.090983	33.000000
18.143001	33.900000
18.195020	34.600000
18.247039	35.100000
18.299057	35.600000
18.351076	35.800000
18.403094	35.900000
18.455113	35.800000
18.507131	35.500000
18.559150	35.000000
18.611169	34.400000
18.663187	33.700000
18.715206	32.800000
18.767224	31.800000
18.819243	30.700000
18.871262	29.600000
18.923280	28.400000
18.975299	27.200000
19.027317	25.900000
19.079336	24.700000
19.131355	23.600000
19.183373	22.500000
19.235392	21.500000
19.287410	20.600000
19.339429	19.800000
19.391448	19.200000
19.443466	18.700000
19.495485	18.400000
19.547503	18.300000
19.599522	18.300000
19.651541	18.500000
19.703559	18.800000
19.755578	19.300000
19.807596	20.000000
19.859615	20.700000
19.911633	21.600000
19.963652	22.500000
20.015671	23.600000
20.067689	24.600000
20.119708	25.700000
20.171726	26.800000
20.223745	27.900000
20.275764	28.900000
20.327782	29.800000
20.379801	30.700000
20.431819	31.500000
20.483838	32.100000
20.535857	32.600000
20.587875	33.000000
20.639894	33.200000
20.691912	33.200000
20.743931	33.100000
20.795950	32.900000
20.847968	32.400000
20.899987	31.900000
20.952005	31.200000
21.004024	30.400000
21.056042	29.400000
21.108061	28.400000
21.160080	27.400000
21.212098	26.300000
21.264117	25.100000
21.316135	24.000000
21.368154	22.900000
21.420173	21.800000
21.472191	20.800000
21.524210	19.900000
21.576228	19.100000
21.628247	18.400000
21.680266	17.900000
21.732284	17.500000
21.784303	17.200000
21.836321	17.100000
21.888340	17.100000
21.940359	17.300000
21.992377	17.600000
22.044396	18.100000
22.096414	18.700000
22.148433	19.400000
22.200452	20.200000
22.252470	21.100000
22.304489	22.000000
22.356507	23.000000
22.408526	24.000000
22.460544	25.000000
22.512563	26.000000
22.564582	26.900000
22.616600	27.800000
22.668619	28.600000
22.720637	29.300000
22.772656	29.900000
22.824675	30.300000
22.876693	30.600000
22.928712	30.800000
22.980730	30.800000
23.032749	30.700000
23.084768	30.500000
23.136786	30.100000
23.188805	29.500000
23.240823	28.900000
23.292842	28.100000
23.344861	27.300000
23.396879	26.300000
23.448898	25.400000
23.500916	24.300000
23.552935	23.300000
23.604954	22.300000
23.656972	21.200000
23.708991	20.300000
23.761009	19.400000
23.813028	18.500000
23.865046	17.800000
23.917065	17.200000
23.969084	16.700000
24.021102	16.300000
24.073121	16.000000
24.125139	15.900000
24.177158	16.000000
24.229177	16.200000
24.281195	16.500000
24.333214	16.900000
24.385232	17.500000
24.437251	18.100000
24.489270	18.900000
24.541288	19.700000
24.593307	20.600000
24.645325	21.500000
24.697344	22.400000
24.749363	23.300000
24.801381	24.200000
24.853400	25.100000
24.905418	25.900000
24.957437	26.600000
25.009456	27.200000
25.061474	27.800000
25.113493	28.200000
25.165511	28.500000
25.217530	28.600000
25.269548	28.600000
25.321567	28.500000
25.373586	28.300000
25.425604	27.900000
25.477623	27.400000
25.529641	26.800000
25.581660	26.100000
25.633679	25.300000
25.685697	24.400000
25.737716	23.500000
25.789734	22.600000
25.841753	21.600000
25.893772	20.700000
25.945790	19.700000
25.997809	18.800000
26.049827	18.000000
26.101846	17.200000
26.153865	16.600000
26.205883	16.000000
26.257902	15.500000
26.309920	15.200000
26.361939	15.000000
26.413958	14.900000
26.465976	15.000000
26.517995	15.200000
26.570013	15.400000
26.622032	15.900000
26.674050	16.400000
26.726069	17.000000
26.778088	17.700000
26.830106	18.500000
26.882125	19.300000
26.934143	20.100000
26.986162	21.000000
27.038181	21.800000
27.090199	22.600000
27.142218	23.400000
27.194236	24.100000
27.246255	24.800000
27.298274	25.400000
27.350292	25.900000
27.402311	26.200000
27.454329	26.500000
27.506348	26.600000
27.558367	26.600000
27.610385	26.500000
27.662404	26.200000
27.714422	25.900000
27.766441	25.400000
27.818459	24.900000
27.870478	24.200000
27.922497	23.500000
27.974515	22.700000
28.026534	21.800000
28.078552	21.000000
28.130571	20.100000
28.182590	19.200000
28.234608	18.300000
28.286627	17.500000
28.338645	16.800000
28.390664	16.100000
28.442683	15.500000
28.494701	14.900000
28.546720	14.500000
28.598738	14.200000
28.650757	14.000000
28.702776	14.000000
28.754794	14.000000
28.806813	14.200000
28.858831	14.500000
28.910850	14.900000
28.962869	15.400000
29.014887	15.900000
29.066906	16.600000
29.118924	17.300000
29.170943	18.000000
29.222961	18.800000
29.274980	19.600000
29.326999	20.400000
29.379017	21.100000
29.431036	21.900000
29.483054	22.500000
29.535073	23.100000
29.587092	23.700000
29.639110	24.100000
29.691129	24.400000
29.743147	24.600000
29.795166	24.700000
29.847185	24.700000
29.899203	24.600000
29.951222	24.400000
30.003240	24.000000
30.055259	23.600000
30.107278	23.100000
30.159296	22.500000
30.211315	21.800000
30.263333	21.000000
30.315352	20.300000
30.367371	19.500000
30.419389	18.700000
30.471408	17.800000
30.523426	17.100000
30.575445	16.300000
30.627463	15.600000
30.679482	15.000000
30.731501	14.400000
30.783519	14.000000
30.835538	13.600000
30.887556	13.300000
30.939575	13.200000
30.991594	13.100000
31.043612	13.200000
31.095631	13.300000
31.147649	13.600000
31.199668	14.000000
31.251687	14.400000
31.303705	15.000000
31.355724	15.600000
31.407742	16.200000
31.459761	16.900000
31.511780	17.600000
31.563798	18.400000
31.615817	19.100000
31.667835	19.800000
31.719854	20.400000
31.771873	21.000000
31.823891	21.600000
31.875910	22.100000
31.927928	22.400000
31.979947	22.700000
32.031965	22.900000
32.083984	23.000000
32.136003	23.000000
32.188021	22.900000
32.240040	22.700000
32.292058	22.400000
32.344077	21.900000
32.396096	21.400000
32.448114	20.900000
32.500133	20.200000
32.552151	19.600000
32.604170	18.800000
32.656189	18.100000
32.708207	17.300000
32.760226	16.600000
32.812244	15.900000
32.864263	15.200000
32.916282	14.600000
32.968300	14.000000
33.020319	13.500000
33.072337	13.100000
33.124356	12.700000
33.176375	12.500000
33.228393	12.400000
33.280412	12.300000
33.332430	12.400000
33.384449	12.500000
33.436467	12.800000
33.488486	13.100000
33.540505	13.600000
33.592523	14.100000
33.644542	14.600000
33.696560	15.200000
33.748579	15.900000
33.800598	16.500000
33.852616	17.200000
33.904635	17.900000
33.956653	18.500000
34.008672	19.100000
34.060691	19.700000
34.112709	20.100000
34.164728	20.600000
34.216746	20.900000
34.268765	21.200000
34.320784	21.400000
34.372802	21.400000
34.424821	21.400000
34.476839	21.300000
34.528858	21.100000
34.580876	20.800000
34.632895	20.400000
34.684914	19.900000
34.736932	19.400000
34.788951	18.800000
34.840969	18.200000
34.892988	17.500000
34.945007	16.800000
34.997025	16.200000
35.049044	15.500000
35.101062	14.800000
35.153081	14.200000
35.205100	13.600000
35.257118	13.100000
35.309137	12.600000
35.361155	12.200000
35.413174	11.900000
35.465193	11.700000
35.517211	11.600000
35.569230	11.600000
35.621248	11.600000
35.673267	11.800000
35.725286	12.000000
35.777304	12.400000
35.829323	12.800000
35.881341	13.200000
35.933360	13.700000
35.985378	14.300000
36.037397	14.900000
36.089416	15.500000
36.141434	16.100000
36.193453	16.700000
36.245471	17.300000
36.297490	17.900000
36.349509	18.400000
36.401527	18.800000
36.453546	19.200000
36.505564	19.500000
36.557583	19.800000
36.609602	19.900000
36.661620	20.000000
36.713639	19.900000
36.765657	19.800000
36.817676	19.600000
36.869695	19.300000
36.921713	19.000000
36.973732	18.500000
37.025750	18.100000
37.077769	17.500000
37.129788	16.900000
37.181806	16.300000
37.233825	15.700000
37.285843	15.000000
37.337862	14.400000
37.389880	13.800000
37.441899	13.200000
37.493918	12.700000
37.545936	12.200000
37.597955	11.800000
37.649973	11.500000
37.701992	11.200000
37.754011	11.000000
37.806029	10.900000
37.858048	10.900000
37.910066	11.000000
37.962085	11.100000
38.014104	11.300000
38.066122	11.600000
38.118141	12.000000
38.170159	12.400000
38.222178	12.900000
38.274197	13.400000
38.326215	14.000000
38.378234	14.600000
38.430252	15.100000
38.482271	15.700000
38.534290	16.200000
38.586308	16.700000
38.638327	17.200000
38.690345	17.600000
38.742364	17.900000
38.794382	18.200000
38.846401	18.400000
38.898420	18.600000
38.950438	18.600000
39.002457	18.600000
39.054475	18.500000
39.106494	18.300000
39.158513	18.000000
39.210531	17.700000
39.262550	17.300000
39.314568	16.800000
39.366587	16.300000
39.418606	15.800000
39.470624	15.200000
39.522643	14.600000
39.574661	14.000000
39.626680	13.500000
39.678699	12.900000
39.730717	12.400000
39.782736	11.900000
39.834754	11.400000
39.886773	11.100000
39.938792	10.800000
39.990810	10.500000
40.042829	10.400000
40.094847	10.300000
40.146866	10.300000
40.198884	10.300000
40.250903	10.500000
40.302922	10.700000
40.354940	11.000000
40.406959	11.300000
40.458977	11.700000
40.510996	12.200000
40.563015	12.600000
40.615033	13.100000
40.667052	13.700000
40.719070	14.200000
40.771089	14.700000
40.823108	15.200000
40.875126	15.600000
40.927145	16.100000
40.979163	16.400000
41.031182	16.800000
41.083201	17.000000
41.135219	17.200000
41.187238	17.300000
41.239256	17.400000
41.291275	17.300000
41.343293	17.200000
41.395312	17.000000
41.447331	16.800000
41.499349	16.500000
41.551368	16.100000
41.603386	15.700000
41.655405	15.200000
41.707424	14.700000
41.759442	14.200000
41.811461	13.600000
41.863479	13.100000
41.915498	12.600000
41.967517	12.000000
42.019535	11.600000
42.071554	11.100000
42.123572	10.700000
42.175591	10.400000
42.227610	10.100000
42.279628	9.900000
42.331647	9.700000
42.383665	9.700000
42.435684	9.700000
42.487703	9.700000
42.539721	9.900000
42.591740	10.100000
42.643758	10.300000
42.695777	10.700000
42.747795	11.000000
42.799814	11.500000
42.851833	11.900000
42.903851	12.400000
42.955870	12.800000
43.007888	13.300000
43.059907	13.800000
43.111926	14.200000
43.163944	14.700000
43.215963	15.000000
43.267981	15.400000
43.320000	15.700000
43.372019	15.900000
43.424037	16.100000
43.476056	16.200000
43.528074	16.200000
43.580093	16.200000
43.632112	16.000000
43.684130	15.900000
43.736149	15.600000
43.788167	15.300000
43.840186	15.000000
43.892205	14.600000
43.944223	14.200000
43.996242	13.700000
44.048260	13.200000
44.100279	12.700000
44.152297	12.200000
44.204316	11.700000
44.256335	11.300000
44.308353	10.800000
44.360372	10.400000
44.412390	10.100000
44.464409	9.700000
44.516428	9.500000
44.568446	9.300000
44.620465	9.200000
44.672483	9.100000
44.724502	9.100000
44.776521	9.200000
44.828539	9.300000
44.880558	9.500000
44.932576	9.800000
44.984595	10.100000
45.036614	10.400000
45.088632	10.800000
45.140651	11.200000
45.192669	11.600000
45.244688	12.100000
45.296707	12.500000
45.348725	12.900000
45.400744	13.300000
45.452762	13.700000
45.504781	14.100000
45.556799	14.400000
45.608818	14.700000
45.660837	14.900000
45.712855	15.000000
45.764874	15.100000
45.816892	15.100000
45.868911	15.100000
45.920930	15.000000
45.972948	14.800000
46.024967	14.600000
46.076985	14.300000
46.129004	14.000000
46.181023	13.600000
46.233041	13.200000
46.285060	12.800000
46.337078	12.300000
46.389097	11.900000
46.441116	11.400000
46.493134	11.000000
46.545153	10.500000
46.597171	10.100000
46.649190	9.800000
46.701208	9.400000
46.753227	9.100000
46.805246	8.900000
46.857264	8.700000
46.909283	8.600000
46.961301	8.600000
47.013320	8.600000
47.065339	8.700000
47.117357	8.800000
47.169376	9.000000
47.221394	9.200000
47.273413	9.500000
47.325432	9.800000
47.377450	10.200000
47.429469	10.500000
47.481487	10.900000
47.533506	11.300000
47.585525	11.700000
47.637543	12.100000
47.689562	12.500000
47.741580	12.900000
47.793599	13.200000
47.845618	13.500000
47.897636	13.700000
47.949655	13.900000
48.001673	14.000000
48.053692	14.100000
48.105710	14.100000
48.157729	14.100000
48.209748	14.000000
48.261766	13.800000
48.313785	13.600000
48.365803	13.300000
48.417822	13.000000
48.469841	12.700000
48.521859	12.300000
48.573878	11.900000
48.625896	11.500000
48.677915	11.100000
48.729934	10.700000
48.781952	10.300000
48.833971	9.900000
48.885989	9.500000
48.938008	9.200000
48.990027	8.900000
49.042045	8.600000
49.094064	8.400000
49.146082	8.200000
49.198101	8.100000
49.250120	8.100000
49.302138	8.100000
49.354157	8.200000
49.406175	8.300000
49.458194	8.500000
49.510212	8.700000
49.562231	8.900000
49.614250	9.200000
49.666268	9.600000
49.718287	9.900000
49.770305	10.300000
49.822324	10.700000
49.874343	11.000000
49.926361	11.400000
49.978380	11.700000
50.030398	12.100000
50.082417	12.400000
50.134436	12.600000
50.186454	12.800000
50.238473	13.000000
50.290491	13.100000
50.342510	13.200000
50.394529	13.200000
50.446547	13.100000
50.498566	13.000000
50.550584	12.900000
50.602603	12.700000
50.654622	12.400000
50.706640	12.200000
50.758659	11.800000
50.810677	11.500000
50.862696	11.100000
50.914714	10.800000
50.966733	10.400000
51.018752	10.000000
51.070770	9.600000
51.122789	9.200000
51.174807	8.900000
51.226826	8.600000
51.278845	8.300000
51.330863	8.100000
51.382882	7.900000
51.434900	7.800000
51.486919	7.700000
51.538938	7.600000
51.590956	7.600000
51.642975	7.700000
51.694993	7.800000
51.747012	8.000000
51.799031	8.200000
51.851049	8.400000
51.903068	8.700000
51.955086	9.000000
52.007105	9.400000
52.059124	9.700000
52.111142	10.000000
52.163161	10.400000
52.215179	10.700000
52.267198	11.000000
52.319216	11.300000
52.371235	11.600000
52.423254	11.800000
52.475272	12.000000
52.527291	12.200000
52.579309	12.300000
52.631328	12.300000
52.683347	12.300000
52.735365	12.300000
52.787384	12.200000
52.839402	12.000000
52.891421	11.800000
52.943440	11.600000
52.995458	11.400000
53.047477	11.100000
53.099495	10.700000
53.151514	10.400000
53.203533	10.000000
53.255551	9.700000
53.307570	9.300000
53.359588	9.000000
53.411607	8.700000
53.463625	8.300000
53.515644	8.100000
53.567663	7.800000
53.619681	7.600000
53.671700	7.400000
53.723718	7.300000
53.775737	7.200000
53.827756	7.200000
53.879774	7.200000
53.931793	7.300000
53.983811	7.400000
54.035830	7.600000
54.087849	7.700000
54.139867	8.000000
54.191886	8.200000
54.243904	8.500000
54.295923	8.800000
54.347942	9.100000
54.399960	9.400000
54.451979	9.800000
54.503997	10.100000
54.556016	10.300000
54.608035	10.600000
54.660053	10.900000
54.712072	11.100000
54.764090	11.200000
54.816109	11.400000
54.868127	11.500000
54.920146	11.500000
54.972165	11.500000
55.024183	11.500000
55.076202	11.400000
55.128220	11.200000
55.180239	11.100000
55.232258	10.900000
55.284276	10.600000
55.336295	10.300000
55.388313	10.000000
55.440332	9.700000
55.492351	9.400000
55.544369	9.100000
55.596388	8.700000
55.648406	8.400000
55.700425	8.100000
55.752444	7.800000
55.804462	7.600000
55.856481	7.400000
55.908499	7.200000
55.960518	7.000000
56.012537	6.900000
56.064555	6.800000
56.116574	6.800000
56.168592	6.800000
56.220611	6.900000
56.272629	7.000000
56.324648	7.100000
56.376667	7.300000
56.428685	7.500000
56.480704	7.800000
56.532722	8.000000
56.584741	8.300000
56.636760	8.600000
56.688778	8.900000
56.740797	9.200000
56.792815	9.500000
56.844834	9.700000
56.896853	10.000000
56.948871	10.200000
57.000890	10.400000
57.052908	10.500000
57.104927	10.700000
57.156946	10.700000
57.208964	10.800000
57.260983	10.800000
57.313001	10.700000
57.365020	10.600000
57.417039	10.500000
57.469057	10.300000
57.521076	10.100000
57.573094	9.900000
57.625113	9.700000
57.677131	9.400000
57.729150	9.100000
57.781169	8.800000
57.833187	8.500000
57.885206	8.200000
57.937224	7.900000
57.989243	7.600000
58.041262	7.400000
58.093280	7.100000
58.145299	6.900000
58.197317	6.700000
58.249336	6.600000
58.301355	6.500000
58.353373	6.400000
58.405392	6.400000
58.457410	6.500000
58.509429	6.500000
58.561448	6.600000
58.613466	6.800000
58.665485	6.900000
58.717503	7.100000
58.769522	7.300000
58.821541	7.600000
58.873559	7.800000
58.925578	8.100000
58.977596	8.400000
59.029615	8.600000
59.081633	8.900000
59.133652	9.100000
59.185671	9.400000
59.237689	9.600000
59.289708	9.700000
59.341726	9.900000
59.393745	10.000000
59.445764	10.000000
59.497782	10.100000
59.549801	10.100000
59.601819	10.000000
59.653838	9.900000
59.705857	9.800000
59.757875	9.700000
59.809894	9.500000
59.861912	9.300000
59.913931	9.000000
59.965950	8.800000
60.017968	8.500000
60.069987	8.200000
60.122005	8.000000
60.174024	7.700000
60.226042	7.400000
60.278061	7.200000
60.330080	6.900000
60.382098	6.700000
60.434117	6.500000
60.486135	6.400000
60.538154	6.200000
60.590173	6.100000
60.642191	6.100000
60.694210	6.100000
60.746228	6.100000
60.798247	6.200000
60.850266	6.300000
60.902284	6.400000
60.954303	6.500000
61.006321	6.700000
61.058340	6.900000
61.110359	7.200000
61.162377	7.400000
61.214396	7.600000
61.266414	7.900000
61.318433	8.100000
61.370452	8.400000
61.422470	8.600000
61.474489	8.800000
61.526507	9.000000
61.578526	9.100000
61.630544	9.300000
61.682563	9.300000
61.734582	9.400000
61.786600	9.400000
61.838619	9.400000
61.890637	9.400000
61.942656	9.300000
61.994675	9.200000
62.046693	9.000000
62.098712	8.900000
62.150730	8.700000
62.202749	8.400000
62.254768	8.200000
62.306786	8.000000
62.358805	7.700000
62.410823	7.500000
62.462842	7.200000
62.514861	6.900000
62.566879	6.700000
62.618898	6.500000
62.670916	6.300000
62.722935	6.100000
62.774954	6.000000
62.826972	5.900000
62.878991	5.800000
62.931009	5.800000
62.983028	5.700000
63.035046	5.800000
63.087065	5.800000
63.139084	5.900000
63.191102	6.000000
63.243121	6.200000
63.295139	6.400000
63.347158	6.500000
63.399177	6.800000
63.451195	7.000000
63.503214	7.200000
63.555232	7.400000
63.607251	7.600000
63.659270	7.900000
63.711288	8.100000
63.763307	8.300000
63.815325	8.400000
63.867344	8.600000
63.919363	8.700000
63.971381	8.800000
64.023400	8.800000
64.075418	8.800000
64.127437	8.800000
64.179456	8.800000
64.231474	8.700000
64.283493	8.600000
64.335511	8.500000
64.387530	8.300000
64.439548	8.100000
64.491567	7.900000
64.543586	7.700000
64.595604	7.500000
64.647623	7.200000
64.699641	7.000000
64.751660	6.800000
64.803679	6.500000
64.855697	6.300000
64.907716	6.100000
64.959734	5.900000
65.011753	5.800000
65.063772	5.700000
65.115790	5.600000
65.167809	5.500000
65.219827	5.400000
65.271846	5.400000
65.323865	5.500000
65.375883	5.500000
65.427902	5.600000
65.479920	5.700000
65.531939	5.900000
65.583958	6.000000
65.635976	6.200000
65.687995	6.400000
65.740013	6.600000
65.792032	6.800000
65.844050	7.000000
65.896069	7.200000
65.948088	7.400000
66.000106	7.600000
66.052125	7.800000
66.104143	7.900000
66.156162	8.000000
66.208181	8.100000
66.260199	8.200000
66.312218	8.300000
66.364236	8.300000
66.416255	8.300000
66.468274	8.200000
66.520292	8.100000
66.572311	8.000000
66.624329	7.900000
66.676348	7.800000
66.728367	7.600000
66.780385	7.400000
66.832404	7.200000
66.884422	7.000000
66.936441	6.800000
66.988459	6.600000
67.040478	6.300000
67.092497	6.100000
67.144515	5.900000
67.196534	5.800000
67.248552	5.600000
67.300571	5.400000
67.352590	5.300000
67.404608	5.200000
67.456627	5.200000
67.508645	5.100000
67.560664	5.100000
67.612683	5.200000
67.664701	5.200000
67.716720	5.300000
67.768738	5.400000
67.820757	5.500000
67.872776	5.700000
67.924794	5.800000
67.976813	6.000000
68.028831	6.200000
68.080850	6.400000
68.132869	6.600000
68.184887	6.800000
68.236906	7.000000
68.288924	7.100000
68.340943	7.300000
68.392961	7.400000
68.444980	7.500000
68.496999	7.600000
68.549017	7.700000
68.601036	7.700000
68.653054	7.800000
68.705073	7.700000
68.757092	7.700000
68.809110	7.600000
68.861129	7.500000
68.913147	7.400000
68.965166	7.300000
69.017185	7.100000
69.069203	6.900000
69.121222	6.700000
69.173240	6.500000
69.225259	6.300000
69.277278	6.100000
69.329296	6.000000
69.381315	5.800000
69.433333	5.600000
69.485352	5.400000
69.537371	5.300000
69.589389	5.100000
69.641408	5.000000
69.693426	5.000000
69.745445	4.900000
69.797463	4.900000
69.849482	4.900000
69.901501	4.900000
69.953519	4.900000
70.005538	5.000000
70.057556	5.100000
70.109575	5.200000
70.161594	5.400000
70.213612	5.500000
70.265631	5.700000
70.317649	5.900000
70.369668	6.000000
70.421687	6.200000
70.473705	6.400000
70.525724	6.600000
70.577742	6.700000
70.629761	6.800000
70.681780	7.000000
70.733798	7.100000
70.785817	7.200000
70.837835	7.200000
70.889854	7.300000
70.941873	7.300000
70.993891	7.300000
71.045910	7.200000
71.097928	7.100000
71.149947	7.100000
71.201965	6.900000
71.253984	6.800000
71.306003	6.700000
71.358021	6.500000
71.410040	6.300000
71.462058	6.100000
71.514077	6.000000
71.566096	5.800000
71.618114	5.600000
71.670133	5.400000
71.722151	5.300000
71.774170	5.100000
71.826189	5.000000
71.878207	4.800000
71.930226	4.800000
71.982244	4.700000
72.034263	4.600000
72.086282	4.600000
72.138300	4.600000
72.190319	4.600000
72.242337	4.700000
72.294356	4.800000
72.346375	4.800000
72.398393	5.000000
72.450412	5.100000
72.502430	5.200000
72.554449	5.400000
72.606467	5.500000
72.658486	5.700000
72.710505	5.900000
72.762523	6.000000
72.814542	6.200000
72.866560	6.300000
72.918579	6.400000
72.970598	6.600000
73.022616	6.600000
73.074635	6.700000
73.126653	6.800000
73.178672	6.800000
73.230691	6.800000
73.282709	6.800000
73.334728	6.800000
73.386746	6.700000
73.438765	6.600000
73.490784	6.500000
73.542802	6.400000
73.594821	6.200000
73.646839	6.100000
73.698858	5.900000
73.750876	5.800000
73.802895	5.600000
73.854914	5.400000
73.906932	5.300000
73.958951	5.100000
74.010969	4.900000
74.062988	4.800000
74.115007	4.700000
74.167025	4.600000
74.219044	4.500000
74.271062	4.400000
74.323081	4.400000
74.375100	4.400000
74.427118	4.400000
74.479137	4.400000
74.531155	4.400000
74.583174	4.500000
74.635193	4.600000
74.687211	4.700000
74.739230	4.800000
74.791248	4.900000
74.843267	5.100000
74.895286	5.200000
74.947304	5.400000
74.999323	5.500000
75.051341	5.700000
75.103360	5.800000
75.155378	5.900000
75.207397	6.100000
75.259416	6.200000
75.311434	6.200000
75.363453	6.300000
75.415471	6.400000
75.467490	6.400000
75.519509	6.400000
75.571527	6.400000
75.623546	6.300000
75.675564	6.300000
75.727583	6.200000
75.779602	6.100000
75.831620	6.000000
75.883639	5.900000
75.935657	5.700000
75.987676	5.600000
76.039695	5.400000
76.091713	5.300000
76.143732	5.100000
76.195750	4.900000
76.247769	4.800000
76.299788	4.700000
76.351806	4.500000
76.403825	4.400000
76.455843	4.300000
76.507862	4.200000
76.559880	4.200000
76.611899	4.100000
76.663918	4.100000
76.715936	4.100000
76.767955	4.200000
76.819973	4.200000
76.871992	4.300000
76.924011	4.300000
76.976029	4.400000
77.028048	4.600000
77.080066	4.700000
77.132085	4.800000
77.184104	4.900000
77.236122	5.100000
77.288141	5.200000
77.340159	5.300000
77.392178	5.500000
77.444197	5.600000
77.496215	5.700000
77.548234	5.800000
77.600252	5.900000
77.652271	5.900000
77.704290	6.000000
77.756308	6.000000
77.808327	6.000000
77.860345	6.000000
77.912364	5.900000
77.964382	5.900000
78.016401	5.800000
78.068420	5.700000
78.120438	5.600000
78.172457	5.500000
78.224475	5.400000
78.276494	5.200000
78.328513	5.100000
78.380531	4.900000
78.432550	4.800000
78.484568	4.600000
78.536587	4.500000
78.588606	4.400000
78.640624	4.300000
78.692643	4.200000
78.744661	4.100000
78.796680	4.000000
78.848699	4.000000
78.900717	3.900000
78.952736	3.900000
79.004754	3.900000
79.056773	3.900000
79.108792	4.000000
79.160810	4.000000
79.212829	4.100000
79.264847	4.200000
79.316866	4.300000
79.368884	4.400000
79.420903	4.500000
79.472922	4.700000
79.524940	4.800000
79.576959	4.900000
79.628977	5.000000
79.680996	5.200000
79.733015	5.300000
79.785033	5.400000
79.837052	5.400000
79.889070	5.500000
79.941089	5.600000
79.993108	5.600000
80.045126	5.600000
80.097145	5.600000
80.149163	5.600000
80.201182	5.600000
80.253201	5.500000
80.305219	5.400000
80.357238	5.400000
80.409256	5.300000
80.461275	5.100000
80.513293	5.000000
80.565312	4.900000
80.617331	4.800000
80.669349	4.600000
80.721368	4.500000
80.773386	4.400000
80.825405	4.300000
80.877424	4.100000
80.929442	4.000000
80.981461	3.900000
81.033479	3.900000
81.085498	3.800000
81.137517	3.700000
81.189535	3.700000
81.241554	3.700000
81.293572	3.700000
81.345591	3.700000
81.397610	3.800000
81.449628	3.800000
81.501647	3.900000
81.553665	4.000000
81.605684	4.100000
81.657703	4.200000
81.709721	4.300000
81.761740	4.400000
81.813758	4.500000
81.865777	4.600000
81.917795	4.800000
81.969814	4.900000
82.021833	5.000000
82.073851	5.000000
82.125870	5.100000
82.177888	5.200000
82.229907	5.200000
82.281926	5.300000
82.333944	5.300000
82.385963	5.300000
82.437981	5.300000
82.490000	5.200000
82.542019	5.200000
82.594037	5.100000
82.646056	5.000000
82.698074	4.900000
82.750093	4.800000
82.802112	4.700000
82.854130	4.600000
82.906149	4.500000
82.958167	4.400000
83.010186	4.200000
83.062205	4.100000
83.114223	4.000000
83.166242	3.900000
83.218260	3.800000
83.270279	3.700000
83.322297	3.600000
83.374316	3.600000
83.426335	3.500000
83.478353	3.500000
83.530372	3.500000
83.582390	3.500000
83.634409	3.500000
83.686428	3.600000
83.738446	3.600000
83.790465	3.700000
83.842483	3.800000
83.894502	3.900000
83.946521	4.000000
83.998539	4.100000
84.050558	4.200000
84.102576	4.300000
84.154595	4.400000
84.206614	4.500000
84.258632	4.600000
84.310651	4.700000
84.362669	4.800000
84.414688	4.800000
84.466707	4.900000
84.518725	4.900000
84.570744	5.000000
84.622762	5.000000
84.674781	5.000000
84.726799	4.900000
84.778818	4.900000
84.830837	4.900000
84.882855	4.800000
84.934874	4.700000
84.986892	4.600000
85.038911	4.500000
85.090930	4.400000
85.142948	4.300000
85.194967	4.200000
85.246985	4.100000
85.299004	4.000000
85.351023	3.900000
85.403041	3.800000
85.455060	3.700000
85.507078	3.600000
85.559097	3.500000
85.611116	3.400000
85.663134	3.400000
85.715153	3.400000
85.767171	3.300000
85.819190	3.300000
85.871208	3.300000
85.923227	3.400000
85.975246	3.400000
86.027264	3.400000
86.079283	3.500000
86.131301	3.600000
86.183320	3.700000
86.235339	3.800000
86.287357	3.800000
86.339376	3.900000
86.391394	4.000000
86.443413	4.100000
86.495432	4.200000
86.547450	4.300000
86.599469	4.400000
86.651487	4.500000
86.703506	4.500000
86.755525	4.600000
86.807543	4.600000
86.859562	4.700000
86.911580	4.700000
86.963599	4.700000
87.015618	4.600000
87.067636	4.600000
87.119655	4.600000
87.171673	4.500000
87.223692	4.400000
87.275710	4.400000
87.327729	4.300000
87.379748	4.200000
87.431766	4.100000
87.483785	4.000000
87.535803	3.900000
87.587822	3.800000
87.639841	3.700000
87.691859	3.600000
87.743878	3.500000
87.795896	3.400000
87.847915	3.300000
87.899934	3.300000
87.951952	3.200000
88.003971	3.200000
88.055989	3.200000
88.108008	3.200000
88.160027	3.200000
88.212045	3.200000
88.264064	3.200000
88.316082	3.300000
88.368101	3.300000
88.420120	3.400000
88.472138	3.500000
88.524157	3.600000
88.576175	3.600000
88.628194	3.700000
88.680212	3.800000
88.732231	3.900000
88.784250	4.000000
88.836268	4.100000
88.888287	4.100000
88.940305	4.200000
88.992324	4.300000
89.044343	4.300000
89.096361	4.400000
89.148380	4.400000
89.200398	4.400000
89.252417	4.400000
89.304436	4.400000
89.356454	4.300000
89.408473	4.300000
89.460491	4.200000
89.512510	4.200000
89.564529	4.100000
89.616547	4.000000
89.668566	3.900000
89.720584	3.800000
89.772603	3.700000
89.824622	3.600000
89.876640	3.500000
89.928659	3.400000
89.980677	3.400000
90.032696	3.300000
90.084714	3.200000
90.136733	3.100000
90.188752	3.100000
90.240770	3.000000
90.292789	3.000000
90.344807	3.000000
90.396826	3.000000
90.448845	3.000000
90.500863	3.000000
90.552882	3.100000
90.604900	3.100000
90.656919	3.200000
90.708938	3.200000
90.760956	3.300000
90.812975	3.400000
90.864993	3.400000
90.917012	3.500000
90.969031	3.600000
91.021049	3.700000
91.073068	3.800000
91.125086	3.800000
91.177105	3.900000
91.229124	4.000000
91.281142	4.000000
91.333161	4.100000
91.385179	4.100000
91.437198	4.100000
91.489216	4.100000
91.541235	4.100000
91.593254	4.100000
91.645272	4.100000
91.697291	4.000000
91.749309	4.000000
91.801328	3.900000
91.853347	3.800000
91.905365	3.800000
91.957384	3.700000
92.009402	3.600000
92.061421	3.500000
92.113440	3.400000
92.165458	3.300000
92.217477	3.300000
92.269495	3.200000
92.321514	3.100000
92.373533	3.000000
92.425551	3.000000
92.477570	2.900000
92.529588	2.900000
92.581607	2.900000
92.633625	2.800000
92.685644	2.800000
92.737663	2.800000
92.789681	2.900000
92.841700	2.900000
92.893718	2.900000
92.945737	3.000000
92.997756	3.100000
93.049774	3.100000
93.101793	3.200000
93.153811	3.300000
93.205830	3.300000
93.257849	3.400000
93.309867	3.500000
93.361886	3.600000
93.413904	3.600000
93.465923	3.700000
93.517942	3.700000
93.569960	3.800000
93.621979	3.800000
93.673997	3.900000
93.726016	3.900000
93.778035	3.900000
93.830053	3.900000
93.882072	3.900000
93.934090	3.800000
93.986109	3.800000
94.038127	3.700000
94.090146	3.700000
94.142165	3.600000
94.194183	3.500000
94.246202	3.500000
94.298220	3.400000
94.350239	3.300000
94.402258	3.200000
94.454276	3.100000
94.506295	3.100000
94.558313	3.000000
94.610332	2.900000
94.662351	2.900000
94.714369	2.800000
94.766388	2.800000
94.818406	2.700000
94.870425	2.700000
94.922444	2.700000
94.974462	2.700000
95.026481	2.700000
95.078499	2.700000
95.130518	2.800000
95.182537	2.800000
95.234555	2.800000
95.286574	2.900000
95.338592	3.000000
95.390611	3.000000
95.442629	3.100000
95.494648	3.200000
95.546667	3.200000
95.598685	3.300000
95.650704	3.400000
95.702722	3.400000
95.754741	3.500000
95.806760	3.500000
95.858778	3.600000
95.910797	3.600000
95.962815	3.600000
96.014834	3.600000
96.066853	3.600000
96.118871	3.600000
96.170890	3.600000
96.222908	3.600000
96.274927	3.600000
96.326946	3.500000
96.378964	3.500000
96.430983	3.400000
96.483001	3.300000
96.535020	3.300000
96.587039	3.200000
96.639057	3.100000
96.691076	3.000000
96.743094	3.000000
96.795113	2.900000
96.847131	2.800000
96.899150	2.800000
96.951169	2.700000
97.003187	2.700000
97.055206	2.600000
97.107224	2.600000
97.159243	2.600000
97.211262	2.600000
97.263280	2.600000
97.315299	2.600000
97.367317	2.600000
97.419336	2.600000
97.471355	2.700000
97.523373	2.700000
97.575392	2.700000
97.627410	2.800000
97.679429	2.900000
97.731448	2.900000
97.783466	3.000000
97.835485	3.100000
97.887503	3.100000
97.939522	3.200000
97.991541	3.200000
98.043559	3.300000
98.095578	3.300000
98.147596	3.400000
98.199615	3.400000
98.251633	3.400000
98.303652	3.400000
98.355671	3.400000
98.407689	3.400000
98.459708	3.400000
98.511726	3.400000
98.563745	3.300000
98.615764	3.300000
98.667782	3.300000
98.719801	3.200000
98.771819	3.100000
98.823838	3.100000
98.875857	3.000000
98.927875	2.900000
98.979894	2.900000
99.031912	2.800000
99.083931	2.700000
99.135950	2.700000
99.187968	2.600000
99.239987	2.600000
99.292005	2.500000
99.344024	2.500000
99.396042	2.500000
99.448061	2.400000
99.500080	2.400000
99.552098	2.400000
99.604117	2.400000
99.656135	2.500000
99.708154	2.500000
99.760173	2.500000
99.812191	2.600000
99.864210	2.600000
99.916228	2.700000
99.968247	2.700000
100.020266	2.800000
100.072284	2.800000
100.124303	2.900000
100.176321	2.900000
100.228340	3.000000
100.280359	3.100000
100.332377	3.100000
100.384396	3.100000
100.436414	3.200000
100.488433	3.200000
100.540452	3.200000
100.592470	3.200000
100.644489	3.200000
100.696507	3.200000
100.748526	3.200000
100.800544	3.200000
100.852563	3.200000
100.904582	3.100000
100.956600	3.100000
101.008619	3.000000
101.060637	3.000000
101.112656	2.900000
101.164675	2.800000
101.216693	2.800000
101.268712	2.700000
101.320730	2.600000
101.372749	2.600000
101.424768	2.500000
101.476786	2.500000
101.528805	2.400000
101.580823	2.400000
101.632842	2.400000
101.684861	2.300000
101.736879	2.300000
101.788898	2.300000
101.840916	2.300000
101.892935	2.300000
101.944954	2.300000
101.996972	2.400000
102.048991	2.400000
102.101009	2.400000
102.153028	2.500000
102.205046	2.500000
102.257065	2.600000
102.309084	2.600000
102.361102	2.700000
102.413121	2.700000
102.465139	2.800000
102.517158	2.800000
102.569177	2.900000
102.621195	2.900000
102.673214	3.000000
102.725232	3.000000
102.777251	3.000000
102.829270	3.000000
102.881288	3.000000
102.933307	3.000000
102.985325	3.000000
103.037344	3.000000
103.089363	3.000000
103.141381	3.000000
103.193400	2.900000
103.245418	2.900000
103.297437	2.800000
103.349456	2.800000
103.401474	2.700000
103.453493	2.700000
103.505511	2.600000
103.557530	2.600000
103.609548	2.500000
103.661567	2.400000
103.713586	2.400000
103.765604	2.300000
103.817623	2.300000
103.869641	2.300000
103.921660	2.200000
103.973679	2.200000
104.025697	2.200000
104.077716	2.200000
104.129734	2.200000
104.181753	2.200000
104.233772	2.200000
104.285790	2.200000
104.337809	2.300000
104.389827	2.300000
104.441846	2.300000
104.493865	2.400000
104.545883	2.400000
104.597902	2.500000
104.649920	2.500000
104.701939	2.600000
104.753958	2.600000
104.805976	2.700000
104.857995	2.700000
104.910013	2.800000
104.962032	2.800000
105.014050	2.800000
105.066069	2.800000
105.118088	2.900000
105.170106	2.900000
105.222125	2.900000
105.274143	2.900000
105.326162	2.800000
105.378181	2.800000
105.430199	2.800000
105.482218	2.800000
105.534236	2.700000
105.586255	2.700000
105.638274	2.600000
105.690292	2.600000
105.742311	2.500000
105.794329	2.500000
105.846348	2.400000
105.898367	2.400000
105.950385	2.300000
106.002404	2.300000
106.054422	2.200000
106.106441	2.200000
106.158459	2.100000
106.210478	2.100000
106.262497	2.100000
106.314515	2.100000
106.366534	2.100000
106.418552	2.100000
106.470571	2.100000
106.522590	2.100000
106.574608	2.100000
106.626627	2.200000
106.678645	2.200000
106.730664	2.200000
106.782683	2.300000
106.834701	2.300000
106.886720	2.400000
106.938738	2.400000
106.990757	2.400000
107.042776	2.500000
107.094794	2.500000
107.146813	2.600000
107.198831	2.600000
107.250850	2.600000
107.302869	2.700000
107.354887	2.700000
107.406906	2.700000
107.458924	2.700000
107.510943	2.700000
107.562961	2.700000
107.614980	2.700000
107.666999	2.700000
107.719017	2.600000
107.771036	2.600000
107.823054	2.600000
107.875073	2.500000
107.927092	2.500000
107.979110	2.400000
108.031129	2.400000
108.083147	2.300000
108.135166	2.300000
108.187185	2.200000
108.239203	2.200000
108.291222	2.100000
108.343240	2.100000
108.395259	2.100000
108.447278	2.000000
108.499296	2.000000
108.551315	2.000000
108.603333	2.000000
108.655352	2.000000
108.707371	2.000000
108.759389	2.000000
108.811408	2.000000
108.863426	2.000000
108.915445	2.000000
108.967463	2.100000
109.019482	2.100000
109.071501	2.200000
109.123519	2.200000
109.175538	2.200000
109.227556	2.300000
109.279575	2.300000
109.331594	2.400000
109.383612	2.400000
109.435631	2.400000
109.487649	2.500000
109.539668	2.500000
109.591687	2.500000
109.643705	2.500000
109.695724	2.500000
109.747742	2.600000
109.799761	2.500000
109.851780	2.500000
109.903798	2.500000
109.955817	2.500000
110.007835	2.500000
110.059854	2.500000
110.111873	2.400000
110.163891	2.400000
110.215910	2.300000
110.267928	2.300000
110.319947	2.200000
110.371965	2.200000
110.423984	2.200000
110.476003	2.100000
110.528021	2.100000
110.580040	2.000000
110.632058	2.000000
110.684077	2.000000
110.736096	1.900000
110.788114	1.900000
110.840133	1.900000
110.892151	1.900000
110.944170	1.900000
110.996189	1.900000
111.048207	1.900000
111.100226	1.900000
111.152244	1.900000
111.204263	1.900000
111.256282	2.000000
111.308300	2.000000
111.360319	2.000000
111.412337	2.100000
111.464356	2.100000
111.516375	2.200000
111.568393	2.200000
111.620412	2.200000
111.672430	2.300000
111.724449	2.300000
111.776467	2.300000
111.828486	2.400000
111.880505	2.400000
111.932523	2.400000
111.984542	2.400000
112.036560	2.400000
112.088579	2.400000
112.140598	2.400000
112.192616	2.400000
112.244635	2.400000
112.296653	2.300000
112.348672	2.300000
112.400691	2.300000
112.452709	2.200000
112.504728	2.200000
112.556746	2.200000
112.608765	2.100000
112.660784	2.100000
112.712802	2.000000
112.764821	2.000000
112.816839	2.000000
112.868858	1.900000
112.920876	1.900000
112.972895	1.900000
113.024914	1.800000
113.076932	1.800000
113.128951	1.800000
113.180969	1.800000
113.232988	1.800000
113.285007	1.800000
113.337025	1.800000
113.389044	1.800000
113.441062	1.800000
113.493081	1.900000
113.545100	1.900000
113.597118	1.900000
113.649137	1.900000
113.701155	2.000000
113.753174	2.000000
113.805193	2.000000
113.857211	2.100000
113.909230	2.100000
113.961248	2.100000
114.013267	2.200000
114.065286	2.200000
114.117304	2.200000
114.169323	2.200000
114.221341	2.300000
114.273360	2.300000
114.325378	2.300000
114.377397	2.300000
114.429416	2.300000
114.481434	2.200000
114.533453	2.200000
114.585471	2.200000
114.637490	2.200000
114.689509	2.200000
114.741527	2.100000
114.793546	2.100000
114.845564	2.000000
114.897583	2.000000
114.949602	2.000000
115.001620	1.900000
115.053639	1.900000
115.105657	1.900000
115.157676	1.800000
115.209695	1.800000
115.261713	1.800000
115.313732	1.700000
115.365750	1.700000
115.417769	1.700000
115.469788	1.700000
115.521806	1.700000
115.573825	1.700000
115.625843	1.700000
115.677862	1.700000
115.729880	1.700000
115.781899	1.800000
115.833918	1.800000
115.885936	1.800000
115.937955	1.800000
115.989973	1.900000
116.041992	1.900000
116.094011	1.900000
116.146029	2.000000
116.198048	2.000000
116.250066	2.000000
116.302085	2.100000
116.354104	2.100000
116.406122	2.100000
116.458141	2.100000
116.510159	2.100000
116.562178	2.100000
116.614197	2.100000
116.666215	2.100000
116.718234	2.100000
116.770252	2.100000
116.822271	2.100000
116.874290	2.100000
116.926308	2.100000
116.978327	2.000000
117.030345	2.000000
117.082364	2.000000
117.134382	1.900000
117.186401	1.900000
117.238420	1.900000
117.290438	1.800000
117.342457	1.800000
117.394475	1.800000
117.446494	1.700000
117.498513	1.700000
117.550531	1.700000
117.602550	1.700000
117.654568	1.600000
117.706587	1.600000
117.758606	1.600000
117.810624	1.600000
117.862643	1.600000
117.914661	1.600000
117.966680	1.600000
118.018699	1.700000
118.070717	1.700000
118.122736	1.700000
118.174754	1.700000
118.226773	1.800000
118.278792	1.800000
118.330810	1.800000
118.382829	1.800000
118.434847	1.900000
118.486866	1.900000
118.538884	1.900000
118.590903	2.000000
118.642922	2.000000
118.694940	2.000000
118.746959	2.000000
118.798977	2.000000
118.850996	2.000000
118.903015	2.000000
118.955033	2.000000
119.007052	2.000000
119.059070	2.000000
119.111089	2.000000
119.163108	2.000000
119.215126	1.900000
119.267145	1.900000
119.319163	1.900000
119.371182	1.900000
119.423201	1.800000
119.475219	1.800000
119.527238	1.800000
119.579256	1.700000
119.631275	1.700000
119.683293	1.700000
119.735312	1.600000
119.787331	1.600000
119.839349	1.600000
119.891368	1.600000
119.943386	1.600000
119.995405	1.500000
120.047424	1.500000
120.099442	1.500000
120.151461	1.500000
120.203479	1.500000
120.255498	1.600000
120.307517	1.600000
120.359535	1.600000
120.411554	1.600000
120.463572	1.600000
120.515591	1.700000
120.567610	1.700000
120.619628	1.700000
120.671647	1.700000
120.723665	1.800000
120.775684	1.800000
120.827703	1.800000
120.879721	1.800000
120.931740	1.900000
120.983758	1.900000
121.035777	1.900000
121.087795	1.900000
121.139814	1.900000
121.191833	1.900000
121.243851	1.900000
121.295870	1.900000
121.347888	1.900000
121.399907	1.900000
121.451926	1.900000
121.503944	1.800000
121.555963	1.800000
121.607981	1.800000
121.660000	1.800000
121.712019	1.700000
121.764037	1.700000
121.816056	1.700000
121.868074	1.600000
121.920093	1.600000
121.972112	1.600000
122.024130	1.600000
122.076149	1.500000
122.128167	1.500000
122.180186	1.500000
122.232205	1.500000
122.284223	1.500000
122.336242	1.500000
122.388260	1.500000
122.440279	1.500000
122.492297	1.500000
122.544316	1.500000
122.596335	1.500000
122.648353	1.500000
122.700372	1.500000
122.752390	1.600000
122.804409	1.600000
122.856428	1.600000
122.908446	1.600000
122.960465	1.700000
123.012483	1.700000
123.064502	1.700000
123.116521	1.700000
123.168539	1.800000
123.220558	1.800000
123.272576	1.800000
123.324595	1.800000
123.376614	1.800000
123.428632	1.800000
123.480651	1.800000
123.532669	1.800000
123.584688	1.800000
123.636707	1.800000
123.688725	1.800000
123.740744	1.800000
123.792762	1.700000
123.844781	1.700000
123.896799	1.700000
123.948818	1.700000
124.000837	1.600000
124.052855	1.600000
124.104874	1.600000
124.156892	1.600000
124.208911	1.500000
124.260930	1.500000
124.312948	1.500000
124.364967	1.500000
124.416985	1.400000
124.469004	1.400000
124.521023	1.400000
124.573041	1.400000
124.625060	1.400000
124.677078	1.400000
124.729097	1.400000
124.781116	1.400000
124.833134	1.400000
124.885153	1.400000
124.937171	1.400000
124.989190	1.500000
125.041208	1.500000
125.093227	1.500000
125.145246	1.500000
125.197264	1.600000
125.249283	1.600000
125.301301	1.600000
125.353320	1.600000
125.405339	1.600000
125.457357	1.700000
125.509376	1.700000
125.561394	1.700000
125.613413	1.700000
125.665432	1.700000
125.717450	1.700000
125.769469	1.700000
125.821487	1.700000
125.873506	1.700000
125.925525	1.700000
125.977543	1.700000
126.029562	1.700000
126.081580	1.600000
126.133599	1.600000
126.185618	1.600000
126.237636	1.600000
126.289655	1.500000
126.341673	1.500000
126.393692	1.500000
126.445710	1.500000
126.497729	1.400000
126.549748	1.400000
126.601766	1.400000
126.653785	1.400000
126.705803	1.400000
126.757822	1.400000
126.809841	1.300000
126.861859	1.300000
126.913878	1.300000
126.965896	1.300000
127.017915	1.300000
127.069934	1.300000
127.121952	1.300000
127.173971	1.400000
127.225989	1.400000
127.278008	1.400000
127.330027	1.400000
127.382045	1.400000
127.434064	1.500000
127.486082	1.500000
127.538101	1.500000
127.590120	1.500000
127.642138	1.500000
127.694157	1.600000
127.746175	1.600000
127.798194	1.600000
127.850212	1.600000
127.902231	1.600000
127.954250	1.600000
128.006268	1.600000
128.058287	1.600000
128.110305	1.600000
128.162324	1.600000
128.214343	1.600000
128.266361	1.600000
128.318380	1.600000
128.370398	1.600000
128.422417	1.500000
128.474436	1.500000
128.526454	1.500000
128.578473	1.500000
128.630491	1.400000
128.682510	1.400000
128.734529	1.400000
128.786547	1.400000
128.838566	1.400000
128.890584	1.300000
128.942603	1.300000
128.994622	1.300000
129.046640	1.300000
129.098659	1.300000
129.150677	1.300000
129.202696	1.300000
129.254714	1.300000
129.306733	1.300000
129.358752	1.300000
129.410770	1.300000
129.462789	1.300000
129.514807	1.300000
129.566826	1.300000
129.618845	1.300000
129.670863	1.400000
129.722882	1.400000
129.774900	1.400000
129.826919	1.400000
129.878938	1.400000
129.930956	1.500000
129.982975	1.500000
130.034993	1.500000
130.087012	1.500000
130.139031	1.500000
130.191049	1.500000
130.243068	1.500000
130.295086	1.500000
130.347105	1.500000
130.399124	1.500000
130.451142	1.500000
130.503161	1.500000
130.555179	1.500000
130.607198	1.500000
130.659216	1.500000
130.711235	1.500000
130.763254	1.400000
130.815272	1.400000
130.867291	1.400000
130.919309	1.400000
130.971328	1.300000
131.023347	1.300000
131.075365	1.300000
131.127384	1.300000
131.179402	1.300000
131.231421	1.200000
131.283440	1.200000
131.335458	1.200000
131.387477	1.200000
131.439495	1.200000
131.491514	1.200000
131.543533	1.200000
131.595551	1.200000
131.647570	1.200000
131.699588	1.200000
131.751607	1.200000
131.803625	1.200000
131.855644	1.300000
131.907663	1.300000
131.959681	1.300000
132.011700	1.300000
132.063718	1.300000
132.115737	1.400000
132.167756	1.400000
132.219774	1.400000
132.271793	1.400000
132.323811	1.400000
132.375830	1.400000
132.427849	1.400000
132.479867	1.400000
132.531886	1.400000
132.583904	1.500000
132.635923	1.500000
132.687942	1.400000
132.739960	1.400000
132.791979	1.400000
132.843997	1.400000
132.896016	1.400000
132.948035	1.400000
133.000053	1.400000
133.052072	1.400000
133.104090	1.300000
133.156109	1.300000
133.208127	1.300000
133.260146	1.300000
133.312165	1.300000
133.364183	1.200000
133.416202	1.200000
133.468220	1.200000
133.520239	1.200000
133.572258	1.200000
133.624276	1.200000
133.676295	1.200000
133.728313	1.200000
133.780332	1.200000
133.832351	1.200000
133.884369	1.200000
133.936388	1.200000
133.988406	1.200000
134.040425	1.200000
134.092444	1.200000
134.144462	1.200000
134.196481	1.200000
134.248499	1.200000
134.300518	1.300000
134.352537	1.300000
134.404555	1.300000
134.456574	1.300000
134.508592	1.300000
134.560611	1.300000
134.612629	1.300000
134.664648	1.400000
134.716667	1.400000
134.768685	1.400000
134.820704	1.400000
134.872722	1.400000
134.924741	1.400000
134.976760	1.400000
135.028778	1.400000
135.080797	1.400000
135.132815	1.300000
135.184834	1.300000
135.236853	1.300000
135.288871	1.300000
135.340890	1.300000
135.392908	1.300000
135.444927	1.300000
135.496946	1.200000
135.548964	1.200000
135.600983	1.200000
135.653001	1.200000
135.705020	1.200000
135.757039	1.100000
135.809057	1.100000
135.861076	1.100000
135.913094	1.100000
135.965113	1.100000
136.017131	1.100000
136.069150	1.100000
136.121169	1.100000
136.173187	1.100000
136.225206	1.100000
136.277224	1.100000
136.329243	1.100000
136.381262	1.100000
136.433280	1.100000
136.485299	1.200000
136.537317	1.200000
136.589336	1.200000
136.641355	1.200000
136.693373	1.200000
136.745392	1.200000
136.797410	1.300000
136.849429	1.300000
136.901448	1.300000
136.953466	1.300000
137.005485	1.300000
137.057503	1.300000
137.109522	1.300000
137.161541	1.300000
137.213559	1.300000
137.265578	1.300000
137.317596	1.300000
137.369615	1.300000
137.421633	1.300000
137.473652	1.300000
137.525671	1.300000
137.577689	1.200000
137.629708	1.200000
137.681726	1.200000
137.733745	1.200000
137.785764	1.200000
137.837782	1.200000
137.889801	1.100000
137.941819	1.100000
137.993838	1.100000
138.045857	1.100000
138.097875	1.100000
138.149894	1.100000
138.201912	1.100000
138.253931	1.100000
138.305950	1.100000
138.357968	1.000000
138.409987	1.000000
138.462005	1.100000
138.514024	1.100000
138.566042	1.100000
138.618061	1.100000
138.670080	1.100000
138.722098	1.100000
138.774117	1.100000
138.826135	1.100000
138.878154	1.100000
138.930173	1.100000
138.982191	1.200000
139.034210	1.200000
139.086228	1.200000
139.138247	1.200000
139.190266	1.200000
139.242284	1.200000
139.294303	1.200000
139.346321	1.200000
139.398340	1.200000
139.450359	1.200000
139.502377	1.200000
139.554396	1.200000
139.606414	1.200000
139.658433	1.200000
139.710452	1.200000
139.762470	1.200000
139.814489	1.200000
139.866507	1.200000
139.918526	1.200000
139.970544	1.100000
140.022563	1.100000
140.074582	1.100000
140.126600	1.100000
140.178619	1.100000
140.230637	1.100000
140.282656	1.100000
140.334675	1.000000
140.386693	1.000000
140.438712	1.000000
140.490730	1.000000
140.542749	1.000000
140.594768	1.000000
140.646786	1.000000
140.698805	1.000000
140.750823	1.000000
140.802842	1.000000
140.854861	1.000000
140.906879	1.000000
140.958898	1.000000
141.010916	1.000000
141.062935	1.100000
141.114954	1.100000
141.166972	1.100000
141.218991	1.100000
141.271009	1.100000
141.323028	1.100000
141.375046	1.100000
141.427065	1.100000
141.479084	1.200000
141.531102	1.200000
141.583121	1.200000
141.635139	1.200000
141.687158	1.200000
141.739177	1.200000
141.791195	1.200000
141.843214	1.200000
141.895232	1.200000
141.947251	1.200000
141.999270	1.200000
142.051288	1.100000
142.103307	1.100000
142.155325	1.100000
142.207344	1.100000
142.259363	1.100000
142.311381	1.100000
142.363400	1.100000
142.415418	1.000000
142.467437	1.000000
142.519456	1.000000
142.571474	1.000000
142.623493	1.000000
142.675511	1.000000
142.727530	1.000000
142.779548	1.000000
142.831567	1.000000
142.883586	1.000000
142.935604	1.000000
142.987623	1.000000
143.039641	1.000000
143.091660	1.000000
143.143679	1.000000
143.195697	1.000000
143.247716	1.000000
143.299734	1.000000
143.351753	1.000000
143.403772	1.000000
143.455790	1.000000
143.507809	1.000000
143.559827	1.100000
143.611846	1.100000
143.663865	1.100000
143.715883	1.100000
143.767902	1.100000
143.819920	1.100000
143.871939	1.100000
143.923958	1.100000
143.975976	1.100000
144.027995	1.100000
144.080013	1.100000
144.132032	1.100000
144.184050	1.100000
144.236069	1.100000
144.288088	1.100000
144.340106	1.100000
144.392125	1.100000
144.444143	1.100000
144.496162	1.000000
144.548181	1.000000
144.600199	1.000000
144.652218	1.000000
144.704236	1.000000
144.756255	1.000000
144.808274	1.000000
144.860292	1.000000
144.912311	0.900000
144.964329	0.900000
145.016348	0.900000
145.068367	0.900000
145.120385	0.900000
145.172404	0.900000
145.224422	0.900000
145.276441	0.900000
145.328459	0.900000
145.380478	0.900000
145.432497	0.900000
145.484515	0.900000
145.536534	0.900000
145.588552	1.000000
145.640571	1.000000
145.692590	1.000000
145.744608	1.000000
145.796627	1.000000
145.848645	1.000000
145.900664	1.000000
145.952683	1.000000
146.004701	1.000000
146.056720	1.000000
146.108738	1.000000
146.160757	1.100000
146.212776	1.100000
146.264794	1.100000
146.316813	1.100000
146.368831	1.100000
146.420850	1.100000
146.472869	1.100000
146.524887	1.000000
146.576906	1.000000
146.628924	1.000000
146.680943	1.000000
146.732961	1.000000
146.784980	1.000000
146.836999	1.000000
146.889017	1.000000
146.941036	1.000000
146.993054	0.900000
147.045073	0.900000
147.097092	0.900000
147.149110	0.900000
147.201129	0.900000
147.253147	0.900000
147.305166	0.900000
147.357185	0.900000
147.409203	0.900000
147.461222	0.900000
147.513240	0.900000
147.565259	0.900000
147.617278	0.900000
147.669296	0.900000
147.721315	0.900000
147.773333	0.900000
147.825352	0.900000
147.877371	0.900000
147.929389	0.900000
147.981408	0.900000
148.033426	0.900000
148.085445	0.900000
148.137463	1.000000
148.189482	1.000000
148.241501	1.000000
148.293519	1.000000
148.345538	1.000000
148.397556	1.000000
148.449575	1.000000
148.501594	1.000000
148.553612	1.000000
148.605631	1.000000
148.657649	1.000000
148.709668	1.000000
148.761687	1.000000
148.813705	1.000000
148.865724	1.000000
148.917742	1.000000
148.969761	1.000000
149.021780	1.000000
149.073798	0.900000
149.125817	0.900000
149.177835	0.900000
149.229854	0.900000
149.281873	0.900000
149.333891	0.900000
149.385910	0.900000
149.437928	0.900000
149.489947	0.900000
149.541965	0.900000
149.593984	0.800000
149.646003	0.800000
149.698021	0.800000
149.750040	0.800000
149.802058	0.800000
149.854077	0.800000
149.906096	0.800000
149.958114	0.800000
150.010133	0.800000
150.062151	0.900000
150.114170	0.900000
150.166189	0.900000
150.218207	0.900000
150.270226	0.900000
150.322244	0.900000
150.374263	0.900000
150.426282	0.900000
150.478300	0.900000
150.530319	0.900000
150.582337	0.900000
150.634356	0.900000
150.686375	1.000000
150.738393	1.000000
150.790412	1.000000
150.842430	1.000000
150.894449	1.000000
150.946467	1.000000
150.998486	1.000000
151.050505	1.000000
151.102523	0.900000
151.154542	0.900000
151.206560	0.900000
151.258579	0.900000
151.310598	0.900000
151.362616	0.900000
151.414635	0.900000
151.466653	0.900000
151.518672	0.900000
151.570691	0.900000
151.622709	0.900000
151.674728	0.800000
151.726746	0.800000
151.778765	0.800000
151.830784	0.800000
151.882802	0.800000
151.934821	0.800000
151.986839	0.800000
152.038858	0.800000
152.090876	0.800000
152.142895	0.800000
152.194914	0.800000
152.246932	0.800000
152.298951	0.800000
152.350969	0.800000
152.402988	0.800000
152.455007	0.800000
152.507025	0.800000
152.559044	0.800000
152.611062	0.900000
152.663081	0.900000
152.715100	0.900000
152.767118	0.900000
152.819137	0.900000
152.871155	0.900000
152.923174	0.900000
152.975193	0.900000
153.027211	0.900000
153.079230	0.900000
153.131248	0.900000
153.183267	0.900000
153.235286	0.900000
153.287304	0.900000
153.339323	0.900000
153.391341	0.900000
153.443360	0.900000
153.495378	0.900000
153.547397	0.900000
153.599416	0.900000
153.651434	0.900000
153.703453	0.900000
153.755471	0.800000
153.807490	0.800000
153.859509	0.800000
153.911527	0.800000
153.963546	0.800000
154.015564	0.800000
154.067583	0.800000
154.119602	0.800000
154.171620	0.800000
154.223639	0.800000
154.275657	0.800000
154.327676	0.800000
154.379695	0.800000
154.431713	0.800000
154.483732	0.800000
154.535750	0.800000
154.587769	0.800000
154.639788	0.800000
154.691806	0.800000
154.743825	0.800000
154.795843	0.800000
154.847862	0.800000
154.899880	0.800000
154.951899	0.800000
155.003918	0.800000
155.055936	0.800000
155.107955	0.800000
155.159973	0.900000
155.211992	0.900000
155.264011	0.900000
155.316029	0.900000
155.368048	0.900000
155.420066	0.900000
155.472085	0.900000
155.524104	0.900000
155.576122	0.900000
155.628141	0.900000
155.680159	0.900000
155.732178	0.900000
155.784197	0.800000
155.836215	0.800000
155.888234	0.800000
155.940252	0.800000
155.992271	0.800000
156.044290	0.800000
156.096308	0.800000
156.148327	0.800000
156.200345	0.800000
156.252364	0.800000
156.304382	0.800000
156.356401	0.800000
156.408420	0.700000
156.460438	0.700000
156.512457	0.700000
156.564475	0.700000
156.616494	0.700000
156.668513	0.700000
156.720531	0.700000
156.772550	0.700000
156.824568	0.700000
156.876587	0.700000
156.928606	0.800000
156.980624	0.800000
157.032643	0.800000
157.084661	0.800000
157.136680	0.800000
157.188699	0.800000
157.240717	0.800000
157.292736	0.800000
157.344754	0.800000
157.396773	0.800000
157.448792	0.800000
157.500810	0.800000
157.552829	0.800000
157.604847	0.800000
157.656866	0.800000
157.708884	0.800000
157.760903	0.800000
157.812922	0.800000
157.864940	0.800000
157.916959	0.800000
157.968977	0.800000
158.020996	0.800000
158.073015	0.800000
158.125033	0.800000
158.177052	0.800000
158.229070	0.800000
158.281089	0.800000
158.333108	0.800000
158.385126	0.800000
158.437145	0.700000
158.489163	0.700000
158.541182	0.700000
158.593201	0.700000
158.645219	0.700000
158.697238	0.700000
158.749256	0.700000
158.801275	0.700000
158.853293	0.700000
158.905312	0.700000
158.957331	0.700000
159.009349	0.700000
159.061368	0.700000
159.113386	0.700000
159.165405	0.700000
159.217424	0.700000
159.269442	0.700000
159.321461	0.700000
159.373479	0.700000
159.425498	0.700000
159.477517	0.700000
159.529535	0.800000
159.581554	0.800000
159.633572	0.800000
159.685591	0.800000
159.737610	0.800000
159.789628	0.800000
159.841647	0.800000
159.893665	0.800000
159.945684	0.800000
159.997703	0.800000
160.049721	0.800000
160.101740	0.800000
160.153758	0.800000
160.205777	0.800000
160.257795	0.800000
160.309814	0.800000
160.361833	0.800000
160.413851	0.800000
160.465870	0.800000
160.517888	0.700000
160.569907	0.700000
160.621926	0.700000
160.673944	0.700000
160.725963	0.700000
160.777981	0.700000
160.830000	0.700000
160.882019	0.700000
160.934037	0.700000
160.986056	0.700000
161.038074	0.700000
161.090093	0.700000
161.142112	0.700000
161.194130	0.700000
161.246149	0.700000
161.298167	0.700000
161.350186	0.700000
161.402205	0.700000
161.454223	0.700000
161.506242	0.700000
161.558260	0.700000
161.610279	0.700000
161.662297	0.700000
161.714316	0.700000
161.766335	0.700000
161.818353	0.700000
161.870372	0.700000
161.922390	0.700000
161.974409	0.700000
162.026428	0.700000
162.078446	0.700000
162.130465	0.800000
162.182483	0.800000
162.234502	0.800000
162.286521	0.800000
162.338539	0.800000
162.390558	0.800000
162.442576	0.800000
162.494595	0.700000
162.546614	0.700000
162.598632	0.700000
162.650651	0.700000
162.702669	0.700000
162.754688	0.700000
162.806707	0.700000
162.858725	0.700000
162.910744	0.700000
162.962762	0.700000
163.014781	0.700000
163.066799	0.700000
163.118818	0.700000
163.170837	0.700000
163.222855	0.700000
163.274874	0.700000
163.326892	0.700000
163.378911	0.700000
163.430930	0.700000
163.482948	0.600000
163.534967	0.600000
163.586985	0.700000
163.639004	0.700000
163.691023	0.700000
163.743041	0.700000
163.795060	0.700000
163.847078	0.700000
163.899097	0.700000
163.951116	0.700000
164.003134	0.700000
164.055153	0.700000
164.107171	0.700000
164.159190	0.700000
164.211208	0.700000
164.263227	0.700000
164.315246	0.700000
164.367264	0.700000
164.419283	0.700000
164.471301	0.700000
164.523320	0.700000
164.575339	0.700000
164.627357	0.700000
164.679376	0.700000
164.731394	0.700000
164.783413	0.700000
164.835432	0.700000
164.887450	0.700000
164.939469	0.700000
164.991487	0.700000
165.043506	0.700000
165.095525	0.700000
165.147543	0.700000
165.199562	0.700000
165.251580	0.700000
165.303599	0.700000
165.355618	0.700000
165.407636	0.600000
165.459655	0.600000
165.511673	0.600000
165.563692	0.600000
165.615710	0.600000
165.667729	0.600000
165.719748	0.600000
165.771766	0.600000
165.823785	0.600000
165.875803	0.600000
165.927822	0.600000
165.979841	0.600000
166.031859	0.600000
166.083878	0.600000
166.135896	0.600000
166.187915	0.600000
166.239934	0.600000
166.291952	0.700000
166.343971	0.700000
166.395989	0.700000
166.448008	0.700000
166.500027	0.700000
166.552045	0.700000
166.604064	0.700000
166.656082	0.700000
166.708101	0.700000
166.760120	0.700000
166.812138	0.700000
166.864157	0.700000
166.916175	0.700000
166.968194	0.700000
167.020212	0.700000
167.072231	0.700000
167.124250	0.700000
167.176268	0.700000
167.228287	0.700000
167.280305	0.700000
167.332324	0.700000
167.384343	0.700000
167.436361	0.600000
167.488380	0.600000
167.540398	0.600000
167.592417	0.600000
167.644436	0.600000
167.696454	0.600000
167.748473	0.600000
167.800491	0.600000
167.852510	0.600000
167.904529	0.600000
167.956547	0.600000
168.008566	0.600000
168.060584	0.600000
168.112603	0.600000
168.164622	0.600000
168.216640	0.600000
168.268659	0.600000
168.320677	0.600000
168.372696	0.600000
168.424714	0.600000
168.476733	0.600000
168.528752	0.600000
168.580770	0.600000
168.632789	0.600000
168.684807	0.600000
168.736826	0.600000
168.788845	0.600000
168.840863	0.600000
168.892882	0.700000
168.944900	0.700000
168.996919	0.700000
169.048938	0.700000
169.100956	0.700000
169.152975	0.700000
169.204993	0.700000
169.257012	0.700000
169.309031	0.700000
169.361049	0.700000
169.413068	0.700000
169.465086	0.600000
169.517105	0.600000
169.569124	0.600000
169.621142	0.600000
169.673161	0.600000
169.725179	0.600000
169.777198	0.600000
169.829216	0.600000
169.881235	0.600000
169.933254	0.600000
169.985272	0.600000
170.037291	0.600000
170.089309	0.600000
170.141328	0.600000
170.193347	0.600000
170.245365	0.600000
170.297384	0.600000
170.349402	0.600000
170.401421	0.600000
170.453440	0.600000
170.505458	0.600000
170.557477	0.600000
170.609495	0.600000
170.661514	0.600000
170.713533	0.600000
170.765551	0.600000
170.817570	0.600000
170.869588	0.600000
170.921607	0.600000
170.973625	0.600000
171.025644	0.600000
171.077663	0.600000
171.129681	0.600000
171.181700	0.600000
171.233718	0.600000
171.285737	0.600000
171.337756	0.600000
171.389774	0.600000
171.441793	0.600000
171.493811	0.600000
171.545830	0.600000
171.597849	0.600000
171.649867	0.600000
171.701886	0.600000
171.753904	0.600000
171.805923	0.600000
171.857942	0.600000
171.909960	0.600000
171.961979	0.600000
172.013997	0.600000
172.066016	0.600000
172.118035	0.600000
172.170053	0.600000
172.222072	0.600000
172.274090	0.600000
172.326109	0.600000
172.378127	0.600000
172.430146	0.600000
172.482165	0.600000
172.534183	0.600000
172.586202	0.600000
172.638220	0.600000
172.690239	0.600000
172.742258	0.600000
172.794276	0.600000
172.846295	0.600000
172.898313	0.600000
172.950332	0.600000
173.002351	0.600000
173.054369	0.600000
173.106388	0.600000
173.158406	0.600000
173.210425	0.600000
173.262444	0.600000
173.314462	0.600000
173.366481	0.600000
173.418499	0.600000
173.470518	0.600000
173.522537	0.600000
173.574555	0.600000
173.626574	0.600000
173.678592	0.600000
173.730611	0.600000
173.782629	0.600000
173.834648	0.600000
173.886667	0.600000
173.938685	0.600000
173.990704	0.600000
174.042722	0.600000
174.094741	0.600000
174.146760	0.600000
174.198778	0.600000
174.250797	0.600000
174.302815	0.600000
174.354834	0.600000
174.406853	0.600000
174.458871	0.600000
174.510890	0.600000
174.562908	0.500000
174.614927	0.500000
174.666946	0.500000
174.718964	0.500000
174.770983	0.500000
174.823001	0.500000
174.875020	0.500000
174.927039	0.500000
174.979057	0.500000
175.031076	0.500000
175.083094	0.500000
175.135113	0.500000
175.187131	0.500000
175.239150	0.500000
175.291169	0.500000
175.343187	0.500000
175.395206	0.600000
175.447224	0.600000
175.499243	0.600000
175.551262	0.600000
175.603280	0.600000
175.655299	0.600000
175.707317	0.600000
175.759336	0.600000
175.811355	0.600000
175.863373	0.600000
175.915392	0.600000
175.967410	0.600000
176.019429	0.600000
176.071448	0.600000
176.123466	0.600000
176.175485	0.600000
176.227503	0.600000
176.279522	0.600000
176.331541	0.600000
176.383559	0.600000
176.435578	0.600000
176.487596	0.600000
176.539615	0.600000
176.591633	0.500000
176.643652	0.500000
176.695671	0.500000
176.747689	0.500000
176.799708	0.500000
176.851726	0.500000
176.903745	0.500000
176.955764	0.500000
177.007782	0.500000
177.059801	0.500000
177.111819	0.500000
177.163838	0.500000
177.215857	0.500000
177.267875	0.500000
177.319894	0.500000
177.371912	0.500000
177.423931	0.500000
177.475950	0.500000
177.527968	0.500000
177.579987	0.500000
177.632005	0.500000
177.684024	0.500000
177.736042	0.500000
177.788061	0.500000
177.840080	0.500000
177.892098	0.500000
177.944117	0.500000
177.996135	0.600000
178.048154	0.600000
178.100173	0.600000
178.152191	0.600000
178.204210	0.600000
178.256228	0.600000
178.308247	0.600000
178.360266	0.600000
178.412284	0.600000
178.464303	0.600000
178.516321	0.600000
178.568340	0.500000
178.620359	0.500000
178.672377	0.500000
178.724396	0.500000
178.776414	0.500000
178.828433	0.500000
178.880452	0.500000
178.932470	0.500000
178.984489	0.500000
179.036507	0.500000
179.088526	0.500000
179.140544	0.500000
179.192563	0.500000
179.244582	0.500000
179.296600	0.500000
179.348619	0.500000
179.400637	0.500000
179.452656	0.500000
179.504675	0.500000
179.556693	0.500000
179.608712	0.500000
179.660730	0.500000
179.712749	0.500000
179.764768	0.500000
179.816786	0.500000
179.868805	0.500000
179.920823	0.500000
179.972842	0.500000
180.024861	0.500000
180.076879	0.500000
180.128898	0.500000
180.180916	0.500000
180.232935	0.500000
180.284954	0.500000
180.336972	0.500000
180.388991	0.500000
180.441009	0.500000
180.493028	0.500000
180.545046	0.500000
180.597065	0.500000
180.649084	0.500000
180.701102	0.500000
180.753121	0.500000
180.805139	0.500000
180.857158	0.500000
180.909177	0.500000
180.961195	0.500000
181.013214	0.500000
181.065232	0.500000
181.117251	0.500000
181.169270	0.500000
181.221288	0.500000
181.273307	0.500000
181.325325	0.500000
181.377344	0.500000
181.429363	0.500000
181.481381	0.500000
181.533400	0.500000
181.585418	0.500000
181.637437	0.500000
181.689456	0.500000
181.741474	0.500000
181.793493	0.500000
181.845511	0.500000
181.897530	0.500000
181.949548	0.500000
182.001567	0.500000
182.053586	0.500000
182.105604	0.500000
182.157623	0.500000
182.209641	0.500000
182.261660	0.500000
182.313679	0.500000
182.365697	0.500000
182.417716	0.500000
182.469734	0.500000
182.521753	0.500000
182.573772	0.500000
182.625790	0.500000
182.677809	0.500000
182.729827	0.500000
182.781846	0.500000
182.833865	0.500000
182.885883	0.500000
182.937902	0.500000
182.989920	0.500000
183.041939	0.500000
183.093958	0.500000
183.145976	0.500000
183.197995	0.500000
183.250013	0.500000
183.302032	0.500000
183.354050	0.500000
183.406069	0.500000
183.458088	0.500000
183.510106	0.500000
183.562125	0.500000
183.614143	0.500000
183.666162	0.500000
183.718181	0.500000
183.770199	0.500000
183.822218	0.500000
183.874236	0.500000
183.926255	0.500000
183.978274	0.500000
184.030292	0.500000
184.082311	0.500000
184.134329	0.500000
184.186348	0.500000
184.238367	0.500000
184.290385	0.500000
184.342404	0.500000
184.394422	0.500000
184.446441	0.500000
184.498459	0.500000
184.550478	0.500000
184.602497	0.500000
184.654515	0.500000
184.706534	0.500000
184.758552	0.500000
184.810571	0.500000
184.862590	0.500000
184.914608	0.500000
184.966627	0.500000
185.018645	0.500000
185.070664	0.500000
185.122683	0.500000
185.174701	0.500000
185.226720	0.500000
185.278738	0.500000
185.330757	0.500000
185.382776	0.500000
185.434794	0.500000
185.486813	0.500000
185.538831	0.500000
185.590850	0.500000
185.642869	0.500000
185.694887	0.500000
185.746906	0.500000
185.798924	0.500000
185.850943	0.500000
185.902961	0.500000
185.954980	0.500000
186.006999	0.500000
186.059017	0.500000
186.111036	0.500000
186.163054	0.400000
186.215073	0.400000
186.267092	0.400000
186.319110	0.400000
186.371129	0.400000
186.423147	0.400000
186.475166	0.400000
186.527185	0.400000
186.579203	0.400000
186.631222	0.500000
186.683240	0.500000
186.735259	0.500000
186.787278	0.500000
186.839296	0.500000
186.891315	0.500000
186.943333	0.500000
186.995352	0.500000
187.047371	0.500000
187.099389	0.500000
187.151408	0.500000
187.203426	0.500000
187.255445	0.500000
187.307463	0.500000
187.359482	0.500000
187.411501	0.500000
187.463519	0.500000
187.515538	0.500000
187.567556	0.500000
187.619575	0.500000
187.671594	0.500000
187.723612	0.500000
187.775631	0.500000
187.827649	0.500000
187.879668	0.500000
187.931687	0.500000
187.983705	0.500000
188.035724	0.500000
188.087742	0.500000
188.139761	0.400000
188.191780	0.400000
188.243798	0.400000
188.295817	0.400000
188.347835	0.400000
188.399854	0.400000
188.451873	0.400000
188.503891	0.400000
188.555910	0.400000
188.607928	0.400000
188.659947	0.400000
188.711965	0.400000
188.763984	0.400000
188.816003	0.400000
188.868021	0.400000
188.920040	0.400000
188.972058	0.400000
189.024077	0.400000
189.076096	0.400000
189.128114	0.400000
189.180133	0.400000
189.232151	0.400000
189.284170	0.500000
189.336189	0.500000
189.388207	0.500000
189.440226	0.500000
189.492244	0.500000
189.544263	0.500000
189.596282	0.500000
189.648300	0.500000
189.700319	0.500000
189.752337	0.500000
189.804356	0.500000
189.856375	0.500000
189.908393	0.500000
189.960412	0.500000
190.012430	0.500000
190.064449	0.500000
190.116467	0.400000
190.168486	0.400000
190.220505	0.400000
190.272523	0.400000
190.324542	0.400000
190.376560	0.400000
190.428579	0.400000
190.480598	0.400000
190.532616	0.400000
190.584635	0.400000
190.636653	0.400000
190.688672	0.400000
190.740691	0.400000
190.792709	0.400000
190.844728	0.400000
190.896746	0.400000
190.948765	0.400000
191.000784	0.400000
191.052802	0.400000
191.104821	0.400000
191.156839	0.400000
191.208858	0.400000
191.260876	0.400000
191.312895	0.400000
191.364914	0.400000
191.416932	0.400000
191.468951	0.400000
191.520969	0.400000
191.572988	0.400000
191.625007	0.400000
191.677025	0.400000
191.729044	0.400000
191.781062	0.400000
191.833081	0.400000
191.885100	0.400000
191.937118	0.400000
191.989137	0.400000
192.041155	0.400000
192.093174	0.400000
192.145193	0.400000
192.197211	0.400000
192.249230	0.400000
192.301248	0.400000
192.353267	0.400000
192.405286	0.400000
192.457304	0.400000
192.509323	0.400000
192.561341	0.400000
192.613360	0.400000
192.665378	0.400000
192.717397	0.400000
192.769416	0.400000
192.821434	0.400000
192.873453	0.400000
192.925471	0.400000
192.977490	0.400000
193.029509	0.400000
193.081527	0.400000
193.133546	0.400000
193.185564	0.400000
193.237583	0.400000
193.289602	0.400000
193.341620	0.400000
193.393639	0.400000
193.445657	0.400000
193.497676	0.400000
193.549695	0.400000
193.601713	0.400000
193.653732	0.400000
193.705750	0.400000
193.757769	0.400000
193.809788	0.400000
193.861806	0.400000
193.913825	0.400000
193.965843	0.400000
194.017862	0.400000
194.069880	0.400000
194.121899	0.400000
194.173918	0.400000
194.225936	0.400000
194.277955	0.400000
194.329973	0.400000
194.381992	0.400000
194.434011	0.400000
194.486029	0.400000
194.538048	0.400000
194.590066	0.400000
194.642085	0.400000
194.694104	0.400000
194.746122	0.400000
194.798141	0.400000
194.850159	0.400000
194.902178	0.400000
194.954197	0.400000
195.006215	0.400000
195.058234	0.400000
195.110252	0.400000
195.162271	0.400000
195.214290	0.400000
195.266308	0.400000
195.318327	0.400000
195.370345	0.400000
195.422364	0.400000
195.474382	0.400000
195.526401	0.400000
195.578420	0.400000
195.630438	0.400000
195.682457	0.400000
195.734475	0.400000
195.786494	0.400000
195.838513	0.400000
195.890531	0.400000
195.942550	0.400000
195.994568	0.400000
196.046587	0.400000
196.098606	0.400000
196.150624	0.400000
196.202643	0.400000
196.254661	0.400000
196.306680	0.400000
196.358699	0.400000
196.410717	0.400000
196.462736	0.400000
196.514754	0.400000
196.566773	0.400000
196.618792	0.400000
196.670810	0.400000
196.722829	0.400000
196.774847	0.400000
196.826866	0.400000
196.878884	0.400000
196.930903	0.400000
196.982922	0.400000
197.034940	0.400000
197.086959	0.400000
197.138977	0.400000
197.190996	0.400000
197.243015	0.400000
197.295033	0.400000
197.347052	0.400000
197.399070	0.400000
197.451089	0.400000
197.503108	0.400000
197.555126	0.400000
197.607145	0.400000
197.659163	0.400000
197.711182	0.400000
197.763201	0.400000
197.815219	0.400000
197.867238	0.400000
197.919256	0.400000
197.971275	0.400000
198.023293	0.400000
198.075312	0.400000
198.127331	0.400000
198.179349	0.400000
198.231368	0.400000
198.283386	0.400000
198.335405	0.400000
198.387424	0.400000
198.439442	0.400000
198.491461	0.400000
198.543479	0.400000
198.595498	0.400000
198.647517	0.400000
198.699535	0.400000
198.751554	0.400000
198.803572	0.400000
198.855591	0.400000
198.907610	0.400000
198.959628	0.400000
199.011647	0.400000
199.063665	0.400000
199.115684	0.400000
199.167703	0.400000
199.219721	0.400000
199.271740	0.400000
199.323758	0.400000
199.375777	0.400000
199.427795	0.400000
199.479814	0.400000
199.531833	0.400000
199.583851	0.400000
199.635870	0.400000
199.687888	0.400000
199.739907	0.400000
199.791926	0.400000
199.843944	0.400000
199.895963	0.400000
199.947981	0.400000
200.000000	0.400000
