4.2	33.7
4.25	35.2
4.3	36.7
4.35	38.2
4.4	39.5
4.45	40.7
4.5	41.8
4.55	42.7
4.6	43.5
4.65	44
4.7	44.3
4.75	44.4
4.8	44.3
4.85	44
4.9	43.4
4.95	42.6
5	41.7
5.05	40.6
5.1	39.3
5.15	38
5.2	36.5
5.25	35
5.3	33.4
5.35	31.8
5.4	30.3
5.45	28.8
5.5	27.4
5.55	26.2
5.6	25
5.65	24
5.7	23.2
5.75	22.6
5.8	22.3
5.85	22.1
5.9	22.1
5.95	22.3
6	22.8
6.05	23.4
6.1	24.2
6.15	25.2
6.2	26.3
6.25	27.6
6.3	28.9
6.35	30.3
6.4	31.7
6.45	33.1
6.5	34.5
6.55	35.8
6.6	37
6.65	38.1
6.7	39.1
6.75	40
6.8	40.6
6.85	41.1
6.9	41.3
6.95	41.4
7	41.3
7.05	40.9
7.1	40.4
7.15	39.6
7.2	38.7
7.25	37.7
7.3	36.5
7.35	35.2
7.4	33.8
7.45	32.4
7.5	30.9
7.55	29.5
7.6	28
7.65	26.7
7.7	25.4
7.75	24.2
7.8	23.2
7.85	22.3
7.9	21.6
7.95	21
8	20.7
8.05	20.6
8.1	20.6
8.15	20.9
8.2	21.3
8.25	21.9
8.3	22.7
8.35	23.6
8.4	24.7
8.45	25.8
8.5	27.1
8.55	28.4
8.6	29.7
8.65	31
8.7	32.3
8.75	33.5
8.8	34.6
8.85	35.6
8.9	36.5
8.95	37.3
9	37.9
9.05	38.3
9.1	38.5
9.15	38.5
9.2	38.4
9.25	38
9.3	37.5
9.35	36.8
9.4	35.9
9.45	34.9
9.5	33.8
9.55	32.6
9.6	31.3
9.65	30
9.7	28.6
9.75	27.2
9.8	25.9
9.85	24.7
9.9	23.5
9.95	22.4
10	21.4
10.05	20.6
10.1	20
10.15	19.5
10.2	19.2
10.25	19.1
10.3	19.2
10.35	19.4
10.4	19.9
10.45	20.5
10.5	21.2
10.55	22.1
10.6	23.1
10.65	24.2
10.7	25.4
10.75	26.6
10.8	27.8
10.85	29
10.9	30.2
10.95	31.3
11	32.4
11.05	33.3
11.1	34.1
11.15	34.8
11.2	35.3
11.25	35.7
11.3	35.8
11.35	35.8
11.4	35.7
11.45	35.3
11.5	34.8
11.55	34.1
11.6	33.3
11.65	32.4
11.7	31.3
11.75	30.2
11.8	29
11.85	27.7
11.9	26.4
11.95	25.2
12	23.9
12.05	22.8
12.1	21.7
12.15	20.7
12.2	19.8
12.25	19.1
12.3	18.5
12.35	18.1
12.4	17.9
12.45	17.8
12.5	17.9
12.55	18.1
12.6	18.6
12.65	19.1
12.7	19.9
12.75	20.7
12.8	21.6
12.85	22.7
12.9	23.7
12.95	24.9
13	26
13.05	27.1
13.1	28.2
13.15	29.3
13.2	30.2
13.25	31.1
13.3	31.8
13.35	32.5
13.4	32.9
13.45	33.2
13.5	33.4
13.55	33.4
13.6	33.2
13.65	32.8
13.7	32.3
13.75	31.7
13.8	30.9
13.85	30
13.9	29
13.95	27.9
14	26.8
14.05	25.6
14.1	24.4
14.15	23.3
14.2	22.1
14.25	21.1
14.3	20.1
14.35	19.2
14.4	18.4
14.45	17.7
14.5	17.2
14.55	16.8
14.6	16.6
14.65	16.6
14.7	16.7
14.75	16.9
14.8	17.4
14.85	17.9
14.9	18.6
14.95	19.4
15	20.3
15.05	21.2
15.1	22.3
15.15	23.3
15.2	24.4
15.25	25.4
15.3	26.4
15.35	27.4
15.4	28.3
15.45	29.1
15.5	29.7
15.55	30.3
15.6	30.7
15.65	31
15.7	31.1
15.75	31
15.8	30.9
15.85	30.5
15.9	30
15.95	29.4
16	28.7
16.05	27.8
16.1	26.9
16.15	25.9
16.2	24.8
16.25	23.7
16.3	22.6
16.35	21.5
16.4	20.5
16.45	19.5
16.5	18.6
16.55	17.7
16.6	17
16.65	16.4
16.7	16
16.75	15.6
16.8	15.5
16.85	15.4
16.9	15.6
16.95	15.8
17	16.2
17.05	16.8
17.1	17.4
17.15	18.2
17.2	19
17.25	19.9
17.3	20.9
17.35	21.9
17.4	22.8
17.45	23.8
17.5	24.8
17.55	25.6
17.6	26.5
17.65	27.2
17.7	27.8
17.75	28.3
17.8	28.7
17.85	28.9
17.9	29
17.95	28.9
18	28.7
18.05	28.4
18.1	27.9
18.15	27.3
18.2	26.6
18.25	25.8
18.3	24.9
18.35	24
18.4	23
18.45	22
18.5	20.9
18.55	19.9
18.6	19
18.65	18.1
18.7	17.2
18.75	16.4
18.8	15.8
18.85	15.3
18.9	14.8
18.95	14.6
19	14.4
19.05	14.4
19.1	14.5
19.15	14.8
19.2	15.2
19.25	15.7
19.3	16.3
19.35	17.1
19.4	17.8
19.45	18.7
19.5	19.6
19.55	20.5
19.6	21.4
19.65	22.3
19.7	23.2
19.75	24
19.8	24.8
19.85	25.4
19.9	26
19.95	26.4
20	26.8
20.05	26.9
20.1	27
20.15	26.9
20.2	26.7
20.25	26.4
20.3	26
20.35	25.4
20.4	24.7
20.45	24
20.5	23.1
20.55	22.2
20.6	21.3
20.65	20.4
20.7	19.4
20.75	18.5
20.8	17.6
20.85	16.7
20.9	16
20.95	15.3
21	14.7
21.05	14.2
21.1	13.8
21.15	13.6
21.2	13.5
21.25	13.5
21.3	13.6
21.35	13.9
21.4	14.3
21.45	14.8
21.5	15.3
21.55	16
21.6	16.8
21.65	17.6
21.7	18.4
21.75	19.3
21.8	20.1
21.85	21
21.9	21.8
21.95	22.5
22	23.2
22.05	23.8
22.1	24.3
22.15	24.7
22.2	25
22.25	25.2
22.3	25.2
22.35	25.1
22.4	24.9
22.45	24.6
22.5	24.2
22.55	23.6
22.6	23
22.65	22.3
22.7	21.5
22.75	20.6
22.8	19.8
22.85	18.9
22.9	18
22.95	17.1
23	16.3
23.05	15.5
23.1	14.8
23.15	14.2
23.2	13.7
23.25	13.2
23.3	12.9
23.35	12.7
23.4	12.6
23.45	12.6
23.5	12.8
23.55	13
23.6	13.4
23.65	13.9
23.7	14.4
23.75	15.1
23.8	15.8
23.85	16.5
23.9	17.3
23.95	18.1
24	18.9
24.05	19.7
24.1	20.4
24.15	21.1
24.2	21.7
24.25	22.3
24.3	22.7
24.35	23.1
24.4	23.4
24.45	23.5
24.5	23.5
24.55	23.4
24.6	23.2
24.65	22.9
24.7	22.5
24.75	22
24.8	21.4
24.85	20.7
24.9	20
24.95	19.2
25	18.4
25.05	17.5
25.1	16.7
25.15	15.9
25.2	15.2
25.25	14.4
25.3	13.8
25.35	13.2
25.4	12.7
25.45	12.3
25.5	12
25.55	11.9
25.6	11.8
25.65	11.8
25.7	12
25.75	12.2
25.8	12.6
25.85	13
25.9	13.6
25.95	14.2
26	14.8
26.05	15.6
26.1	16.3
26.15	17
26.2	17.8
26.25	18.5
26.3	19.2
26.35	19.8
26.4	20.4
26.45	20.9
26.5	21.3
26.55	21.6
26.6	21.8
26.65	22
26.7	22
26.75	21.9
26.8	21.7
26.85	21.4
26.9	21
26.95	20.5
27	19.9
27.05	19.3
27.1	18.6
27.15	17.8
27.2	17.1
27.25	16.3
27.3	15.5
27.35	14.8
27.4	14.1
27.45	13.4
27.5	12.8
27.55	12.3
27.6	11.9
27.65	11.5
27.7	11.3
27.75	11.1
27.8	11
27.85	11.1
27.9	11.3
27.95	11.5
28	11.9
28.05	12.3
28.1	12.8
28.15	13.4
28.2	14
28.25	14.7
28.3	15.3
28.35	16
28.4	16.7
28.45	17.4
28.5	18
28.55	18.6
28.6	19.1
28.65	19.6
28.7	20
28.75	20.2
28.8	20.4
28.85	20.5
28.9	20.5
28.95	20.4
29	20.2
29.05	19.9
29.1	19.5
29.15	19.1
29.2	18.5
29.25	17.9
29.3	17.3
29.35	16.6
29.4	15.9
29.45	15.2
29.5	14.5
29.55	13.8
29.6	13.1
29.65	12.5
29.7	12
29.75	11.5
29.8	11.1
29.85	10.8
29.9	10.5
29.95	10.4
30	10.4
30.05	10.4
30.1	10.6
30.15	10.8
30.2	11.2
30.25	11.6
30.3	12.1
30.35	12.6
30.4	13.2
30.45	13.8
30.5	14.5
30.55	15.1
30.6	15.7
30.65	16.4
30.7	16.9
30.75	17.5
30.8	18
30.85	18.4
30.9	18.7
30.95	19
31	19.1
31.05	19.2
31.1	19.2
31.15	19.1
31.2	18.9
31.25	18.6
31.3	18.2
31.35	17.8
31.4	17.3
31.45	16.7
31.5	16.1
31.55	15.4
31.6	14.8
31.65	14.1
31.7	13.5
31.75	12.8
31.8	12.2
31.85	11.7
31.9	11.2
31.95	10.7
32	10.4
32.05	10.1
32.1	9.9
32.15	9.8
32.2	9.7
32.25	9.8
32.3	10
32.35	10.2
32.4	10.5
32.45	10.9
32.5	11.4
32.55	11.9
32.6	12.5
32.65	13
32.7	13.6
32.75	14.2
32.8	14.8
32.85	15.4
32.9	15.9
32.95	16.4
33	16.9
33.05	17.2
33.1	17.6
33.15	17.8
33.2	17.9
33.25	18
33.3	18
33.35	17.8
33.4	17.6
33.45	17.4
33.5	17
33.55	16.6
33.6	16.1
33.65	15.6
33.7	15
33.75	14.4
33.8	13.8
33.85	13.2
33.9	12.5
33.95	12
34	11.4
34.05	10.9
34.1	10.4
34.15	10
34.2	9.7
34.25	9.4
34.3	9.3
34.35	9.2
34.4	9.2
34.45	9.3
34.5	9.4
34.55	9.7
34.6	10
34.65	10.3
34.7	10.8
34.75	11.2
34.8	11.8
34.85	12.3
34.9	12.9
34.95	13.4
35	14
35.05	14.5
35.1	15
35.15	15.5
35.2	15.9
35.25	16.2
35.3	16.5
35.35	16.7
35.4	16.8
35.45	16.8
35.5	16.8
35.55	16.7
35.6	16.5
35.65	16.2
35.7	15.9
35.75	15.5
35.8	15
35.85	14.5
35.9	14
35.95	13.4
36	12.8
36.05	12.3
36.1	11.7
36.15	11.2
36.2	10.6
36.25	10.2
36.3	9.7
36.35	9.4
36.4	9.1
36.45	8.9
36.5	8.7
36.55	8.6
36.6	8.6
36.65	8.7
36.7	8.9
36.75	9.1
36.8	9.4
36.85	9.8
36.9	10.2
36.95	10.6
37	11.1
37.05	11.6
37.1	12.1
37.15	12.7
37.2	13.2
37.25	13.7
37.3	14.1
37.35	14.5
37.4	14.9
37.45	15.2
37.5	15.5
37.55	15.6
37.6	15.7
37.65	15.8
37.7	15.7
37.75	15.6
37.8	15.4
37.85	15.2
37.9	14.8
37.95	14.4
38	14
38.05	13.5
38.1	13
38.15	12.5
38.2	12
38.25	11.4
38.3	10.9
38.35	10.4
38.4	9.9
38.45	9.5
38.5	9.1
38.55	8.8
38.6	8.5
38.65	8.3
38.7	8.2
38.75	8.1
38.8	8.2
38.85	8.2
38.9	8.4
38.95	8.6
39	8.9
39.05	9.3
39.1	9.6
39.15	10.1
39.2	10.5
39.25	11
39.3	11.5
39.35	12
39.4	12.4
39.45	12.9
39.5	13.3
39.55	13.7
39.6	14
39.65	14.3
39.7	14.5
39.75	14.7
39.8	14.8
39.85	14.8
39.9	14.7
39.95	14.6
40	14.4
40.05	14.2
40.1	13.9
40.15	13.5
40.2	13.1
40.25	12.7
40.3	12.2
40.35	11.7
40.4	11.2
40.45	10.7
40.5	10.2
40.55	9.7
40.6	9.3
40.65	8.9
40.7	8.6
40.75	8.3
40.8	8
40.85	7.8
40.9	7.7
40.95	7.7
41	7.7
41.05	7.8
41.1	8
41.15	8.2
41.2	8.4
41.25	8.8
41.3	9.1
41.35	9.5
41.4	10
41.45	10.4
41.5	10.8
41.55	11.3
41.6	11.7
41.65	12.2
41.7	12.5
41.75	12.9
41.8	13.2
41.85	13.5
41.9	13.7
41.95	13.8
42	13.9
42.05	13.9
42.1	13.8
42.15	13.7
42.2	13.5
42.25	13.3
42.3	13
42.35	12.6
42.4	12.2
42.45	11.8
42.5	11.4
42.55	10.9
42.6	10.5
42.65	10
42.7	9.5
42.75	9.1
42.8	8.7
42.85	8.3
42.9	8
42.95	7.8
43	7.5
43.05	7.4
43.1	7.3
43.15	7.3
43.2	7.3
43.25	7.4
43.3	7.5
43.35	7.7
43.4	8
43.45	8.3
43.5	8.7
43.55	9
43.6	9.4
43.65	9.8
43.7	10.3
43.75	10.7
43.8	11.1
43.85	11.5
43.9	11.8
43.95	12.1
44	12.4
44.05	12.7
44.1	12.8
44.15	13
44.2	13
44.25	13
44.3	13
44.35	12.8
44.4	12.7
44.45	12.4
44.5	12.1
44.55	11.8
44.6	11.4
44.65	11.1
44.7	10.6
44.75	10.2
44.8	9.8
44.85	9.4
44.9	8.9
44.95	8.5
45	8.2
45.05	7.8
45.1	7.5
45.15	7.3
45.2	7.1
45.25	7
45.3	6.9
45.35	6.9
45.4	6.9
45.45	7
45.5	7.1
45.55	7.3
45.6	7.6
45.65	7.9
45.7	8.2
45.75	8.6
45.8	8.9
45.85	9.3
45.9	9.7
45.95	10.1
46	10.5
46.05	10.8
46.1	11.2
46.15	11.5
46.2	11.7
46.25	11.9
46.3	12.1
46.35	12.2
46.4	12.2
46.45	12.2
46.5	12.2
46.55	12
46.6	11.9
46.65	11.6
46.7	11.4
46.75	11.1
46.8	10.7
46.85	10.3
46.9	10
46.95	9.6
47	9.2
47.05	8.8
47.1	8.4
47.15	8
47.2	7.7
47.25	7.4
47.3	7.1
47.35	6.9
47.4	6.7
47.45	6.6
47.5	6.5
47.55	6.5
47.6	6.5
47.65	6.6
47.7	6.8
47.75	7
47.8	7.2
47.85	7.5
47.9	7.8
47.95	8.1
48	8.5
48.05	8.8
48.1	9.2
48.15	9.6
48.2	9.9
48.25	10.2
48.3	10.5
48.35	10.8
48.4	11
48.45	11.2
48.5	11.4
48.55	11.5
48.6	11.5
48.65	11.5
48.7	11.4
48.75	11.3
48.8	11.1
48.85	10.9
48.9	10.6
48.95	10.4
49	10
49.05	9.7
49.1	9.3
49.15	9
49.2	8.6
49.25	8.2
49.3	7.9
49.35	7.5
49.4	7.2
49.45	6.9
49.5	6.7
49.55	6.5
49.6	6.3
49.65	6.2
49.7	6.2
49.75	6.2
49.8	6.2
49.85	6.3
49.9	6.4
49.95	6.6
50	6.8
50.05	7.1
50.1	7.4
50.15	7.7
50.2	8
50.25	8.4
50.3	8.7
50.35	9
50.4	9.4
50.45	9.7
50.5	9.9
50.55	10.2
50.6	10.4
50.65	10.6
50.7	10.7
50.75	10.8
50.8	10.8
50.85	10.8
50.9	10.7
50.95	10.6
51	10.4
51.05	10.2
51.1	10
51.15	9.7
51.2	9.4
51.25	9.1
51.3	8.7
51.35	8.4
51.4	8
51.45	7.7
51.5	7.4
51.55	7.1
51.6	6.8
51.65	6.5
51.7	6.3
51.75	6.1
51.8	6
51.85	5.9
51.9	5.8
51.95	5.8
52	5.9
52.05	6
52.1	6.1
52.15	6.3
52.2	6.5
52.25	6.8
52.3	7
52.35	7.3
52.4	7.6
52.45	7.9
52.5	8.3
52.55	8.6
52.6	8.9
52.65	9.1
52.7	9.4
52.75	9.6
52.8	9.8
52.85	10
52.9	10.1
52.95	10.1
53	10.2
53.05	10.1
53.1	10.1
53.15	9.9
53.2	9.8
53.25	9.6
53.3	9.4
53.35	9.1
53.4	8.8
53.45	8.5
53.5	8.2
53.55	7.9
53.6	7.5
53.65	7.2
53.7	6.9
53.75	6.6
53.8	6.4
53.85	6.1
53.9	5.9
53.95	5.8
54	5.6
54.05	5.6
54.1	5.5
54.15	5.5
54.2	5.6
54.25	5.7
54.3	5.8
54.35	6
54.4	6.2
54.45	6.4
54.5	6.7
54.55	7
54.6	7.2
54.65	7.5
54.7	7.8
54.75	8.1
54.8	8.4
54.85	8.7
54.9	8.9
54.95	9.1
55	9.3
55.05	9.4
55.1	9.5
55.15	9.6
55.2	9.6
55.25	9.5
55.3	9.5
55.35	9.3
55.4	9.2
55.45	9
55.5	8.8
55.55	8.5
55.6	8.3
55.65	8
55.7	7.7
55.75	7.4
55.8	7.1
55.85	6.8
55.9	6.5
55.95	6.2
56	6
56.05	5.8
56.1	5.6
56.15	5.5
56.2	5.4
56.25	5.3
56.3	5.3
56.35	5.3
56.4	5.3
56.45	5.4
56.5	5.5
56.55	5.7
56.6	5.9
56.65	6.1
56.7	6.4
56.75	6.6
56.8	6.9
56.85	7.2
56.9	7.4
56.95	7.7
57	8
57.05	8.2
57.1	8.4
57.15	8.6
57.2	8.7
57.25	8.9
57.3	9
57.35	9
57.4	9
57.45	9
57.5	8.9
57.55	8.8
57.6	8.6
57.65	8.5
57.7	8.3
57.75	8
57.8	7.8
57.85	7.5
57.9	7.2
57.95	6.9
58	6.7
58.05	6.4
58.1	6.1
58.15	5.9
58.2	5.7
58.25	5.5
58.3	5.3
58.35	5.2
58.4	5.1
58.45	5
58.5	5
58.55	5
58.6	5.1
58.65	5.2
58.7	5.3
58.75	5.4
58.8	5.6
58.85	5.8
58.9	6.1
58.95	6.3
59	6.5
59.05	6.8
59.1	7.1
59.15	7.3
59.2	7.5
59.25	7.8
59.3	8
59.35	8.1
59.4	8.3
59.45	8.4
59.5	8.4
59.55	8.5
59.6	8.5
59.65	8.4
59.7	8.4
59.75	8.3
59.8	8.1
59.85	8
59.9	7.8
59.95	7.5
60	7.3
60.05	7.1
60.1	6.8
60.15	6.5
60.2	6.3
60.25	6
60.3	5.8
60.35	5.6
60.4	5.3
60.45	5.2
60.5	5
60.55	4.9
60.6	4.8
60.65	4.8
60.7	4.7
60.75	4.8
60.8	4.8
60.85	4.9
60.9	5
60.95	5.2
61	5.4
61.05	5.6
61.1	5.8
61.15	6
61.2	6.2
61.25	6.5
61.3	6.7
61.35	6.9
61.4	7.1
61.45	7.3
61.5	7.5
61.55	7.7
61.6	7.8
61.65	7.9
61.7	8
61.75	8
61.8	8
61.85	8
61.9	7.9
61.95	7.8
62	7.6
62.05	7.5
62.1	7.3
62.15	7.1
62.2	6.9
62.25	6.6
62.3	6.4
62.35	6.1
62.4	5.9
62.45	5.7
62.5	5.4
62.55	5.2
62.6	5.1
62.65	4.9
62.7	4.8
62.75	4.6
62.8	4.6
62.85	4.5
62.9	4.5
62.95	4.5
63	4.6
63.05	4.7
63.1	4.8
63.15	4.9
63.2	5.1
63.25	5.3
63.3	5.5
63.35	5.7
63.4	5.9
63.45	6.2
63.5	6.4
63.55	6.6
63.6	6.8
63.65	7
63.7	7.1
63.75	7.3
63.8	7.4
63.85	7.5
63.9	7.5
63.95	7.6
64	7.5
64.05	7.5
64.1	7.4
64.15	7.3
64.2	7.2
64.25	7
64.3	6.9
64.35	6.7
64.4	6.5
64.45	6.2
64.5	6
64.55	5.8
64.6	5.6
64.65	5.4
64.7	5.1
64.75	5
64.8	4.8
64.85	4.6
64.9	4.5
64.95	4.4
65	4.4
65.05	4.3
65.1	4.3
65.15	4.3
65.2	4.4
65.25	4.5
65.3	4.6
65.35	4.7
65.4	4.9
65.45	5.1
65.5	5.2
65.55	5.4
65.6	5.6
65.65	5.9
65.7	6.1
65.75	6.3
65.8	6.4
65.85	6.6
65.9	6.8
65.95	6.9
66	7
66.05	7.1
66.1	7.1
66.15	7.1
66.2	7.1
66.25	7.1
66.3	7
66.35	6.9
66.4	6.8
66.45	6.6
66.5	6.5
66.55	6.3
66.6	6.1
66.65	5.9
66.7	5.7
66.75	5.5
66.8	5.3
66.85	5.1
66.9	4.9
66.95	4.7
67	4.5
67.05	4.4
67.1	4.3
67.15	4.2
67.2	4.1
67.25	4.1
67.3	4.1
67.35	4.1
67.4	4.2
67.45	4.3
67.5	4.4
67.55	4.5
67.6	4.7
67.65	4.8
67.7	5
67.75	5.2
67.8	5.4
67.85	5.6
67.9	5.8
67.95	5.9
68	6.1
68.05	6.3
68.1	6.4
68.15	6.5
68.2	6.6
68.25	6.7
68.3	6.7
68.35	6.7
68.4	6.7
68.45	6.7
68.5	6.6
68.55	6.5
68.6	6.4
68.65	6.3
68.7	6.1
68.75	5.9
68.8	5.7
68.85	5.6
68.9	5.4
68.95	5.2
69	5
69.05	4.8
69.1	4.6
69.15	4.4
69.2	4.3
69.25	4.2
69.3	4.1
69.35	4
69.4	3.9
69.45	3.9
69.5	3.9
69.55	4
69.6	4
69.65	4.1
69.7	4.2
69.75	4.3
69.8	4.5
69.85	4.6
69.9	4.8
69.95	5
70	5.1
70.05	5.3
70.1	5.5
70.15	5.7
70.2	5.8
70.25	6
70.3	6.1
70.35	6.2
70.4	6.3
70.45	6.3
70.5	6.4
70.55	6.4
70.6	6.3
70.65	6.3
70.7	6.2
70.75	6.1
70.8	6
70.85	5.9
70.9	5.8
70.95	5.6
71	5.4
71.05	5.2
71.1	5.1
71.15	4.9
71.2	4.7
71.25	4.5
71.3	4.4
71.35	4.2
71.4	4.1
71.45	4
71.5	3.9
71.55	3.8
71.6	3.8
71.65	3.7
71.7	3.8
71.75	3.8
71.8	3.8
71.85	3.9
71.9	4
71.95	4.1
72	4.3
72.05	4.4
72.1	4.6
72.15	4.7
72.2	4.9
72.25	5.1
72.3	5.2
72.35	5.4
72.4	5.5
72.45	5.7
72.5	5.8
72.55	5.9
72.6	5.9
72.65	6
72.7	6
72.75	6
72.8	6
72.85	6
72.9	5.9
72.95	5.8
73	5.7
73.05	5.6
73.1	5.4
73.15	5.3
73.2	5.1
73.25	4.9
73.3	4.8
73.35	4.6
73.4	4.4
73.45	4.3
73.5	4.1
73.55	4
73.6	3.9
73.65	3.8
73.7	3.7
73.75	3.6
73.8	3.6
73.85	3.6
73.9	3.6
73.95	3.6
74	3.7
74.05	3.8
74.1	3.8
74.15	4
74.2	4.1
74.25	4.2
74.3	4.4
74.35	4.5
74.4	4.7
74.45	4.8
74.5	5
74.55	5.1
74.6	5.3
74.65	5.4
74.7	5.5
74.75	5.6
74.8	5.6
74.85	5.7
74.9	5.7
74.95	5.7
75	5.7
75.05	5.6
75.1	5.6
75.15	5.5
75.2	5.4
75.25	5.3
75.3	5.1
75.35	5
75.4	4.8
75.45	4.7
75.5	4.5
75.55	4.4
75.6	4.2
75.65	4.1
75.7	3.9
75.75	3.8
75.8	3.7
75.85	3.6
75.9	3.5
75.95	3.5
76	3.4
76.05	3.4
76.1	3.4
76.15	3.5
76.2	3.5
76.25	3.6
76.3	3.7
76.35	3.8
76.4	3.9
76.45	4
76.5	4.2
76.55	4.3
76.6	4.5
76.65	4.6
76.7	4.7
76.75	4.9
76.8	5
76.85	5.1
76.9	5.2
76.95	5.3
77	5.3
77.05	5.4
77.1	5.4
77.15	5.4
77.2	5.4
77.25	5.3
77.3	5.3
77.35	5.2
77.4	5.1
77.45	5
77.5	4.9
77.55	4.7
77.6	4.6
77.65	4.4
77.7	4.3
77.75	4.1
77.8	4
77.85	3.9
77.9	3.7
77.95	3.6
78	3.5
78.05	3.4
78.1	3.4
78.15	3.3
78.2	3.3
78.25	3.3
78.3	3.3
78.35	3.3
78.4	3.4
78.45	3.5
78.5	3.5
78.55	3.6
78.6	3.8
78.65	3.9
78.7	4
78.75	4.1
78.8	4.3
78.85	4.4
78.9	4.5
78.95	4.6
79	4.8
79.05	4.9
79.1	4.9
79.15	5
79.2	5.1
79.25	5.1
79.3	5.1
79.35	5.1
79.4	5.1
79.45	5
79.5	5
79.55	4.9
79.6	4.8
79.65	4.7
79.7	4.6
79.75	4.5
79.8	4.3
79.85	4.2
79.9	4.1
79.95	3.9
80	3.8
80.05	3.7
80.1	3.5
80.15	3.4
80.2	3.4
80.25	3.3
80.3	3.2
80.35	3.2
80.4	3.2
80.45	3.1
80.5	3.2
80.55	3.2
80.6	3.2
80.65	3.3
80.7	3.4
80.75	3.5
80.8	3.6
80.85	3.7
80.9	3.8
80.95	4
81	4.1
81.05	4.2
81.1	4.3
81.15	4.4
81.2	4.5
81.25	4.6
81.3	4.7
81.35	4.8
81.4	4.8
81.45	4.8
81.5	4.9
81.55	4.8
81.6	4.8
81.65	4.8
81.7	4.7
81.75	4.6
81.8	4.6
81.85	4.5
81.9	4.3
81.95	4.2
82	4.1
82.05	4
82.1	3.8
82.15	3.7
82.2	3.6
82.25	3.5
82.3	3.4
82.35	3.3
82.4	3.2
82.45	3.1
82.5	3.1
82.55	3
82.6	3
82.65	3
82.7	3
82.75	3.1
82.8	3.1
82.85	3.2
82.9	3.3
82.95	3.4
83	3.5
83.05	3.6
83.1	3.7
83.15	3.8
83.2	3.9
83.25	4
83.3	4.1
83.35	4.2
83.4	4.3
83.45	4.4
83.5	4.5
83.55	4.5
83.6	4.6
83.65	4.6
83.7	4.6
83.75	4.6
83.8	4.6
83.85	4.5
83.9	4.5
83.95	4.4
84	4.3
84.05	4.2
84.1	4.1
84.15	4
84.2	3.9
84.25	3.8
84.3	3.7
84.35	3.5
84.4	3.4
84.45	3.3
84.5	3.2
84.55	3.1
84.6	3.1
84.65	3
84.7	2.9
84.75	2.9
84.8	2.9
84.85	2.9
84.9	2.9
84.95	3
85	3
85.05	3.1
85.1	3.1
85.15	3.2
85.2	3.3
85.25	3.4
85.3	3.5
85.35	3.6
85.4	3.7
85.45	3.8
85.5	3.9
85.55	4
85.6	4.1
85.65	4.2
85.7	4.3
85.75	4.3
85.8	4.4
85.85	4.4
85.9	4.4
85.95	4.4
86	4.3
86.05	4.3
86.1	4.2
86.15	4.2
86.2	4.1
86.25	4
86.3	3.9
86.35	3.8
86.4	3.7
86.45	3.6
86.5	3.5
86.55	3.4
86.6	3.3
86.65	3.2
86.7	3.1
86.75	3
86.8	2.9
86.85	2.9
86.9	2.8
86.95	2.8
87	2.8
87.05	2.8
87.1	2.8
87.15	2.8
87.2	2.9
87.25	2.9
87.3	3
87.35	3.1
87.4	3.2
87.45	3.3
87.5	3.4
87.55	3.5
87.6	3.6
87.65	3.7
87.7	3.8
87.75	3.9
87.8	3.9
87.85	4
87.9	4.1
87.95	4.1
88	4.1
88.05	4.2
88.1	4.2
88.15	4.2
88.2	4.1
88.25	4.1
88.3	4
88.35	4
88.4	3.9
88.45	3.8
88.5	3.7
88.55	3.6
88.6	3.5
88.65	3.4
88.7	3.3
88.75	3.2
88.8	3.1
88.85	3
88.9	2.9
88.95	2.9
89	2.8
89.05	2.8
89.1	2.7
89.15	2.7
89.2	2.7
89.25	2.7
89.3	2.7
89.35	2.7
89.4	2.8
89.45	2.8
89.5	2.9
89.55	3
89.6	3.1
89.65	3.2
89.7	3.2
89.75	3.3
89.8	3.4
89.85	3.5
89.9	3.6
89.95	3.7
90	3.8
90.05	3.8
90.1	3.9
90.15	3.9
90.2	3.9
90.25	4
90.3	4
90.35	3.9
90.4	3.9
90.45	3.9
90.5	3.8
90.55	3.8
90.6	3.7
90.65	3.6
90.7	3.5
90.75	3.4
90.8	3.3
90.85	3.2
90.9	3.2
90.95	3.1
91	3
91.05	2.9
91.1	2.8
91.15	2.7
91.2	2.7
91.25	2.6
91.3	2.6
91.35	2.6
91.4	2.6
91.45	2.6
91.5	2.6
91.55	2.6
91.6	2.7
91.65	2.7
91.7	2.8
91.75	2.9
91.8	2.9
91.85	3
91.9	3.1
91.95	3.2
92	3.3
92.05	3.4
92.1	3.5
92.15	3.5
92.2	3.6
92.25	3.7
92.3	3.7
92.35	3.7
92.4	3.8
92.45	3.8
92.5	3.8
92.55	3.8
92.6	3.7
92.65	3.7
92.7	3.6
92.75	3.6
92.8	3.5
92.85	3.4
92.9	3.4
92.95	3.3
93	3.2
93.05	3.1
93.1	3
93.15	2.9
93.2	2.8
93.25	2.8
93.3	2.7
93.35	2.6
93.4	2.6
93.45	2.5
93.5	2.5
93.55	2.5
93.6	2.5
93.65	2.5
93.7	2.5
93.75	2.5
93.8	2.6
93.85	2.6
93.9	2.7
93.95	2.8
94	2.8
94.05	2.9
94.1	3
94.15	3.1
94.2	3.2
94.25	3.2
94.3	3.3
94.35	3.4
94.4	3.4
94.45	3.5
94.5	3.5
94.55	3.6
94.6	3.6
94.65	3.6
94.7	3.6
94.75	3.6
94.8	3.6
94.85	3.5
94.9	3.5
94.95	3.4
95	3.4
95.05	3.3
95.1	3.2
95.15	3.1
95.2	3
95.25	3
95.3	2.9
95.35	2.8
95.4	2.7
95.45	2.6
95.5	2.6
95.55	2.5
95.6	2.5
95.65	2.4
95.7	2.4
95.75	2.4
95.8	2.4
95.85	2.4
95.9	2.4
95.95	2.5
96	2.5
96.05	2.5
96.1	2.6
96.15	2.7
96.2	2.7
96.25	2.8
96.3	2.9
96.35	3
96.4	3
96.45	3.1
96.5	3.2
96.55	3.2
96.6	3.3
96.65	3.3
96.7	3.4
96.75	3.4
96.8	3.4
96.85	3.4
96.9	3.4
96.95	3.4
97	3.4
97.05	3.4
97.1	3.3
97.15	3.3
97.2	3.2
97.25	3.1
97.3	3.1
97.35	3
97.4	2.9
97.45	2.8
97.5	2.7
97.55	2.7
97.6	2.6
97.65	2.5
97.7	2.5
97.75	2.4
97.8	2.4
97.85	2.4
97.9	2.3
97.95	2.3
98	2.3
98.05	2.3
98.1	2.3
98.15	2.4
98.2	2.4
98.25	2.5
98.3	2.5
98.35	2.6
98.4	2.6
98.45	2.7
98.5	2.8
98.55	2.8
98.6	2.9
98.65	3
98.7	3
98.75	3.1
98.8	3.2
98.85	3.2
98.9	3.2
98.95	3.3
99	3.3
99.05	3.3
99.1	3.3
99.15	3.3
99.2	3.2
99.25	3.2
99.3	3.2
99.35	3.1
99.4	3
99.45	3
99.5	2.9
99.55	2.8
99.6	2.8
99.65	2.7
99.7	2.6
99.75	2.6
99.8	2.5
99.85	2.4
99.9	2.4
99.95	2.3
100	2.3
100.05	2.3
100.1	2.2
100.15	2.2
100.2	2.2
100.25	2.2
100.3	2.3
100.35	2.3
100.4	2.3
100.45	2.4
100.5	2.4
100.55	2.5
100.6	2.5
100.65	2.6
100.7	2.7
100.75	2.7
100.8	2.8
100.85	2.9
100.9	2.9
100.95	3
101	3
101.05	3.1
101.1	3.1
101.15	3.1
101.2	3.1
101.25	3.1
101.3	3.1
101.35	3.1
101.4	3.1
101.45	3.1
101.5	3
101.55	3
101.6	2.9
101.65	2.9
101.7	2.8
101.75	2.7
101.8	2.7
101.85	2.6
101.9	2.5
101.95	2.5
102	2.4
102.05	2.3
102.1	2.3
102.15	2.2
102.2	2.2
102.25	2.2
102.3	2.2
102.35	2.2
102.4	2.2
102.45	2.2
102.5	2.2
102.55	2.2
102.6	2.3
102.65	2.3
102.7	2.3
102.75	2.4
102.8	2.5
102.85	2.5
102.9	2.6
102.95	2.6
103	2.7
103.05	2.8
103.1	2.8
103.15	2.9
103.2	2.9
103.25	2.9
103.3	3
103.35	3
103.4	3
103.45	3
103.5	3
103.55	3
103.6	3
103.65	2.9
103.7	2.9
103.75	2.8
103.8	2.8
103.85	2.7
103.9	2.7
103.95	2.6
104	2.5
104.05	2.5
104.1	2.4
104.15	2.4
104.2	2.3
104.25	2.3
104.3	2.2
104.35	2.2
104.4	2.1
104.45	2.1
104.5	2.1
104.55	2.1
104.6	2.1
104.65	2.1
104.7	2.1
104.75	2.2
104.8	2.2
104.85	2.2
104.9	2.3
104.95	2.3
105	2.4
105.05	2.4
105.1	2.5
105.15	2.5
105.2	2.6
105.25	2.7
105.3	2.7
105.35	2.7
105.4	2.8
105.45	2.8
105.5	2.8
105.55	2.9
105.6	2.9
105.65	2.9
105.7	2.9
105.75	2.8
105.8	2.8
105.85	2.8
105.9	2.8
105.95	2.7
106	2.7
106.05	2.6
106.1	2.6
106.15	2.5
106.2	2.4
106.25	2.4
106.3	2.3
106.35	2.3
106.4	2.2
106.45	2.2
106.5	2.1
106.55	2.1
106.6	2.1
106.65	2
106.7	2
106.75	2
106.8	2
106.85	2
106.9	2.1
106.95	2.1
107	2.1
107.05	2.2
107.1	2.2
107.15	2.2
107.2	2.3
107.25	2.4
107.3	2.4
107.35	2.5
107.4	2.5
107.45	2.6
107.5	2.6
107.55	2.6
107.6	2.7
107.65	2.7
107.7	2.7
107.75	2.7
107.8	2.7
107.85	2.7
107.9	2.7
107.95	2.7
108	2.7
108.05	2.7
108.1	2.6
108.15	2.6
108.2	2.6
108.25	2.5
108.3	2.4
108.35	2.4
108.4	2.3
108.45	2.3
108.5	2.2
108.55	2.2
108.6	2.1
108.65	2.1
108.7	2.1
108.75	2
108.8	2
108.85	2
108.9	2
108.95	2
109	2
109.05	2
109.1	2
109.15	2
109.2	2.1
109.25	2.1
109.3	2.1
109.35	2.2
109.4	2.2
109.45	2.3
109.5	2.3
109.55	2.4
109.6	2.4
109.65	2.5
109.7	2.5
109.75	2.5
109.8	2.6
109.85	2.6
109.9	2.6
109.95	2.6
110	2.6
110.05	2.6
110.1	2.6
110.15	2.6
110.2	2.6
110.25	2.6
110.3	2.5
110.35	2.5
110.4	2.4
110.45	2.4
110.5	2.4
110.55	2.3
110.6	2.2
110.65	2.2
110.7	2.1
110.75	2.1
110.8	2.1
110.85	2
110.9	2
110.95	2
111	1.9
111.05	1.9
111.1	1.9
111.15	1.9
111.2	1.9
111.25	1.9
111.3	1.9
111.35	2
111.4	2
111.45	2
111.5	2.1
111.55	2.1
111.6	2.2
111.65	2.2
111.7	2.2
111.75	2.3
111.8	2.3
111.85	2.4
111.9	2.4
111.95	2.4
112	2.5
112.05	2.5
112.1	2.5
112.15	2.5
112.2	2.5
112.25	2.5
112.3	2.5
112.35	2.5
112.4	2.5
112.45	2.5
112.5	2.4
112.55	2.4
112.6	2.3
112.65	2.3
112.7	2.3
112.75	2.2
112.8	2.2
112.85	2.1
112.9	2.1
112.95	2
113	2
113.05	2
113.1	1.9
113.15	1.9
113.2	1.9
113.25	1.9
113.3	1.9
113.35	1.9
113.4	1.9
113.45	1.9
113.5	1.9
113.55	1.9
113.6	1.9
113.65	2
113.7	2
113.75	2
113.8	2.1
113.85	2.1
113.9	2.2
113.95	2.2
114	2.3
114.05	2.3
114.1	2.3
114.15	2.4
114.2	2.4
114.25	2.4
114.3	2.4
114.35	2.4
114.4	2.4
114.45	2.4
114.5	2.4
114.55	2.4
114.6	2.4
114.65	2.4
114.7	2.3
114.75	2.3
114.8	2.3
114.85	2.2
114.9	2.2
114.95	2.1
115	2.1
115.05	2
115.1	2
115.15	2
115.2	1.9
115.25	1.9
115.3	1.9
115.35	1.8
115.4	1.8
115.45	1.8
115.5	1.8
115.55	1.8
115.6	1.8
115.65	1.8
115.7	1.8
115.75	1.9
115.8	1.9
115.85	1.9
115.9	2
115.95	2
116	2
116.05	2.1
116.1	2.1
116.15	2.1
116.2	2.2
116.25	2.2
116.3	2.2
116.35	2.3
116.4	2.3
116.45	2.3
116.5	2.3
116.55	2.3
116.6	2.3
116.65	2.3
116.7	2.3
116.75	2.3
116.8	2.3
116.85	2.3
116.9	2.2
116.95	2.2
117	2.2
117.05	2.1
117.1	2.1
117.15	2.1
117.2	2
117.25	2
117.3	1.9
117.35	1.9
117.4	1.9
117.45	1.8
117.5	1.8
117.55	1.8
117.6	1.8
117.65	1.8
117.7	1.8
117.75	1.8
117.8	1.8
117.85	1.8
117.9	1.8
117.95	1.8
118	1.8
118.05	1.9
118.1	1.9
118.15	1.9
118.2	2
118.25	2
118.3	2
118.35	2.1
118.4	2.1
118.45	2.1
118.5	2.2
118.55	2.2
118.6	2.2
118.65	2.2
118.7	2.2
118.75	2.3
118.8	2.3
118.85	2.3
118.9	2.2
118.95	2.2
119	2.2
119.05	2.2
119.1	2.2
119.15	2.1
119.2	2.1
119.25	2.1
119.3	2
119.35	2
119.4	1.9
119.45	1.9
119.5	1.9
119.55	1.8
119.6	1.8
119.65	1.8
119.7	1.8
119.75	1.7
119.8	1.7
119.85	1.7
119.9	1.7
119.95	1.7
120	1.7
120.05	1.7
120.1	1.7
120.15	1.8
120.2	1.8
120.25	1.8
120.3	1.8
120.35	1.9
120.4	1.9
120.45	1.9
120.5	2
120.55	2
120.6	2
120.65	2.1
120.7	2.1
120.75	2.1
120.8	2.1
120.85	2.2
120.9	2.2
120.95	2.2
121	2.2
121.05	2.2
121.1	2.2
121.15	2.1
121.2	2.1
121.25	2.1
121.3	2.1
121.35	2
121.4	2
121.45	2
121.5	1.9
121.55	1.9
121.6	1.9
121.65	1.8
121.7	1.8
121.75	1.8
121.8	1.7
121.85	1.7
121.9	1.7
121.95	1.7
122	1.7
122.05	1.7
122.1	1.7
122.15	1.7
122.2	1.7
122.25	1.7
122.3	1.7
122.35	1.7
122.4	1.7
122.45	1.8
122.5	1.8
122.55	1.8
122.6	1.9
122.65	1.9
122.7	1.9
122.75	2
122.8	2
122.85	2
122.9	2
122.95	2.1
123	2.1
123.05	2.1
123.1	2.1
123.15	2.1
123.2	2.1
123.25	2.1
123.3	2.1
123.35	2.1
123.4	2.1
123.45	2
123.5	2
123.55	2
123.6	1.9
123.65	1.9
123.7	1.9
123.75	1.8
123.8	1.8
123.85	1.8
123.9	1.8
123.95	1.7
124	1.7
124.05	1.7
124.1	1.7
124.15	1.6
124.2	1.6
124.25	1.6
124.3	1.6
124.35	1.6
124.4	1.6
124.45	1.6
124.5	1.7
124.55	1.7
124.6	1.7
124.65	1.7
124.7	1.7
124.75	1.8
124.8	1.8
124.85	1.8
124.9	1.9
124.95	1.9
125	1.9
125.05	1.9
125.1	2
125.15	2
125.2	2
125.25	2
125.3	2
125.35	2
125.4	2
125.45	2
125.5	2
125.55	2
125.6	2
125.65	2
125.7	1.9
125.75	1.9
125.8	1.9
125.85	1.9
125.9	1.8
125.95	1.8
126	1.8
126.05	1.7
126.1	1.7
126.15	1.7
126.2	1.7
126.25	1.6
126.3	1.6
126.35	1.6
126.4	1.6
126.45	1.6
126.5	1.6
126.55	1.6
126.6	1.6
126.65	1.6
126.7	1.6
126.75	1.6
126.8	1.7
126.85	1.7
126.9	1.7
126.95	1.7
127	1.8
127.05	1.8
127.1	1.8
127.15	1.8
127.2	1.9
127.25	1.9
127.3	1.9
127.35	1.9
127.4	1.9
127.45	1.9
127.5	2
127.55	2
127.6	2
127.65	2
127.7	1.9
127.75	1.9
127.8	1.9
127.85	1.9
127.9	1.9
127.95	1.8
128	1.8
128.05	1.8
128.1	1.8
128.15	1.7
128.2	1.7
128.25	1.7
128.3	1.7
128.35	1.6
128.4	1.6
128.45	1.6
128.5	1.6
128.55	1.6
128.6	1.6
128.65	1.5
128.7	1.5
128.75	1.5
128.8	1.6
128.85	1.6
128.9	1.6
128.95	1.6
129	1.6
129.05	1.6
129.1	1.7
129.15	1.7
129.2	1.7
129.25	1.7
129.3	1.8
129.35	1.8
129.4	1.8
129.45	1.8
129.5	1.9
129.55	1.9
129.6	1.9
129.65	1.9
129.7	1.9
129.75	1.9
129.8	1.9
129.85	1.9
129.9	1.9
129.95	1.9
130	1.9
130.05	1.8
130.1	1.8
130.15	1.8
130.2	1.8
130.25	1.7
130.3	1.7
130.35	1.7
130.4	1.7
130.45	1.6
130.5	1.6
130.55	1.6
130.6	1.6
130.65	1.5
130.7	1.5
130.75	1.5
130.8	1.5
130.85	1.5
130.9	1.5
130.95	1.5
131	1.5
131.05	1.5
131.1	1.5
131.15	1.6
131.2	1.6
131.25	1.6
131.3	1.6
131.35	1.6
131.4	1.7
131.45	1.7
131.5	1.7
131.55	1.7
131.6	1.8
131.65	1.8
131.7	1.8
131.75	1.8
131.8	1.8
131.85	1.8
131.9	1.8
131.95	1.8
132	1.8
132.05	1.8
132.1	1.8
132.15	1.8
132.2	1.8
132.25	1.8
132.3	1.8
132.35	1.7
132.4	1.7
132.45	1.7
132.5	1.7
132.55	1.6
132.6	1.6
132.65	1.6
132.7	1.6
132.75	1.5
132.8	1.5
132.85	1.5
132.9	1.5
132.95	1.5
133	1.5
133.05	1.5
133.1	1.5
133.15	1.5
133.2	1.5
133.25	1.5
133.3	1.5
133.35	1.5
133.4	1.5
133.45	1.6
133.5	1.6
133.55	1.6
133.6	1.6
133.65	1.7
133.7	1.7
133.75	1.7
133.8	1.7
133.85	1.7
133.9	1.7
133.95	1.8
134	1.8
134.05	1.8
134.1	1.8
134.15	1.8
134.2	1.8
134.25	1.8
134.3	1.8
134.35	1.8
134.4	1.7
134.45	1.7
134.5	1.7
134.55	1.7
134.6	1.7
134.65	1.6
134.7	1.6
134.75	1.6
134.8	1.6
134.85	1.5
134.9	1.5
134.95	1.5
135	1.5
135.05	1.5
135.1	1.5
135.15	1.5
135.2	1.5
135.25	1.4
135.3	1.4
135.35	1.5
135.4	1.5
135.45	1.5
135.5	1.5
135.55	1.5
135.6	1.5
135.65	1.5
135.7	1.5
135.75	1.6
135.8	1.6
135.85	1.6
135.9	1.6
135.95	1.7
136	1.7
136.05	1.7
136.1	1.7
136.15	1.7
136.2	1.7
136.25	1.7
136.3	1.7
136.35	1.7
136.4	1.7
136.45	1.7
136.5	1.7
136.55	1.7
136.6	1.7
136.65	1.7
136.7	1.7
136.75	1.6
136.8	1.6
136.85	1.6
136.9	1.6
136.95	1.6
137	1.5
137.05	1.5
137.1	1.5
137.15	1.5
137.2	1.5
137.25	1.4
137.3	1.4
137.35	1.4
137.4	1.4
137.45	1.4
137.5	1.4
137.55	1.4
137.6	1.4
137.65	1.4
137.7	1.5
137.75	1.5
137.8	1.5
137.85	1.5
137.9	1.5
137.95	1.5
138	1.6
138.05	1.6
138.1	1.6
138.15	1.6
138.2	1.6
138.25	1.6
138.3	1.7
138.35	1.7
138.4	1.7
138.45	1.7
138.5	1.7
138.55	1.7
138.6	1.7
138.65	1.7
138.7	1.7
138.75	1.7
138.8	1.6
138.85	1.6
138.9	1.6
138.95	1.6
139	1.6
139.05	1.6
139.1	1.5
139.15	1.5
139.2	1.5
139.25	1.5
139.3	1.5
139.35	1.4
139.4	1.4
139.45	1.4
139.5	1.4
139.55	1.4
139.6	1.4
139.65	1.4
139.7	1.4
139.75	1.4
139.8	1.4
139.85	1.4
139.9	1.4
139.95	1.4
140	1.5
140.05	1.5
140.1	1.5
140.15	1.5
140.2	1.5
140.25	1.5
140.3	1.6
140.35	1.6
140.4	1.6
140.45	1.6
140.5	1.6
140.55	1.6
140.6	1.6
140.65	1.6
140.7	1.6
140.75	1.6
140.8	1.6
140.85	1.6
140.9	1.6
140.95	1.6
141	1.6
141.05	1.6
141.1	1.6
141.15	1.5
141.2	1.5
141.25	1.5
141.3	1.5
141.35	1.5
141.4	1.5
141.45	1.4
141.5	1.4
141.55	1.4
141.6	1.4
141.65	1.4
141.7	1.4
141.75	1.4
141.8	1.4
141.85	1.4
141.9	1.4
141.95	1.4
142	1.4
142.05	1.4
142.1	1.4
142.15	1.4
142.2	1.4
142.25	1.4
142.3	1.5
142.35	1.5
142.4	1.5
142.45	1.5
142.5	1.5
142.55	1.5
142.6	1.5
142.65	1.6
142.7	1.6
142.75	1.6
142.8	1.6
142.85	1.6
142.9	1.6
142.95	1.6
143	1.6
143.05	1.6
143.1	1.6
143.15	1.6
143.2	1.6
143.25	1.5
143.3	1.5
143.35	1.5
143.4	1.5
143.45	1.5
143.5	1.5
143.55	1.4
143.6	1.4
143.65	1.4
143.7	1.4
143.75	1.4
143.8	1.4
143.85	1.4
143.9	1.3
143.95	1.3
144	1.3
144.05	1.3
144.1	1.3
144.15	1.3
144.2	1.4
144.25	1.4
144.3	1.4
144.35	1.4
144.4	1.4
144.45	1.4
144.5	1.4
144.55	1.4
144.6	1.5
144.65	1.5
144.7	1.5
144.75	1.5
144.8	1.5
144.85	1.5
144.9	1.5
144.95	1.5
145	1.5
145.05	1.6
145.1	1.6
145.15	1.6
145.2	1.5
145.25	1.5
145.3	1.5
145.35	1.5
145.4	1.5
145.45	1.5
145.5	1.5
145.55	1.5
145.6	1.5
145.65	1.4
145.7	1.4
145.75	1.4
145.8	1.4
145.85	1.4
145.9	1.4
145.95	1.4
146	1.3
146.05	1.3
146.1	1.3
146.15	1.3
146.2	1.3
146.25	1.3
146.3	1.3
146.35	1.3
146.4	1.3
146.45	1.3
146.5	1.3
146.55	1.4
146.6	1.4
146.65	1.4
146.7	1.4
146.75	1.4
146.8	1.4
146.85	1.4
146.9	1.5
146.95	1.5
147	1.5
147.05	1.5
147.1	1.5
147.15	1.5
147.2	1.5
147.25	1.5
147.3	1.5
147.35	1.5
147.4	1.5
147.45	1.5
147.5	1.5
147.55	1.5
147.6	1.5
147.65	1.5
147.7	1.5
147.75	1.4
147.8	1.4
147.85	1.4
147.9	1.4
147.95	1.4
148	1.4
148.05	1.3
148.1	1.3
148.15	1.3
148.2	1.3
148.25	1.3
148.3	1.3
148.35	1.3
148.4	1.3
148.45	1.3
148.5	1.3
148.55	1.3
148.6	1.3
148.65	1.3
148.7	1.3
148.75	1.3
148.8	1.3
148.85	1.4
148.9	1.4
148.95	1.4
149	1.4
149.05	1.4
149.1	1.4
149.15	1.4
149.2	1.4
149.25	1.5
149.3	1.5
149.35	1.5
149.4	1.5
149.45	1.5
149.5	1.5
149.55	1.5
149.6	1.5
149.65	1.5
149.7	1.5
149.75	1.5
149.8	1.4
149.85	1.4
149.9	1.4
149.95	1.4
150	1.4
150.05	1.4
150.1	1.4
150.15	1.3
150.2	1.3
150.25	1.3
150.3	1.3
150.35	1.3
150.4	1.3
150.45	1.3
150.5	1.3
150.55	1.3
150.6	1.3
150.65	1.3
150.7	1.3
150.75	1.3
150.8	1.3
150.85	1.3
150.9	1.3
150.95	1.3
151	1.3
151.05	1.3
151.1	1.3
151.15	1.4
151.2	1.4
151.25	1.4
151.3	1.4
151.35	1.4
151.4	1.4
151.45	1.4
151.5	1.4
151.55	1.4
151.6	1.4
151.65	1.4
151.7	1.4
151.75	1.4
151.8	1.4
151.85	1.4
151.9	1.4
151.95	1.4
152	1.4
152.05	1.4
152.1	1.4
152.15	1.4
152.2	1.4
152.25	1.3
152.3	1.3
152.35	1.3
152.4	1.3
152.45	1.3
152.5	1.3
152.55	1.3
152.6	1.3
152.65	1.3
152.7	1.3
152.75	1.3
152.8	1.3
152.85	1.3
152.9	1.3
152.95	1.3
153	1.3
153.05	1.3
153.1	1.3
153.15	1.3
153.2	1.3
153.25	1.3
153.3	1.3
153.35	1.3
153.4	1.3
153.45	1.4
153.5	1.4
153.55	1.4
153.6	1.4
153.65	1.4
153.7	1.4
153.75	1.4
153.8	1.4
153.85	1.4
153.9	1.4
153.95	1.4
154	1.4
154.05	1.4
154.1	1.4
154.15	1.4
154.2	1.4
154.25	1.4
154.3	1.4
154.35	1.3
154.4	1.3
154.45	1.3
154.5	1.3
154.55	1.3
154.6	1.3
154.65	1.3
154.7	1.3
154.75	1.3
154.8	1.3
154.85	1.2
154.9	1.2
154.95	1.2
155	1.2
155.05	1.2
155.1	1.2
155.15	1.2
155.2	1.2
155.25	1.3
155.3	1.3
155.35	1.3
155.4	1.3
155.45	1.3
155.5	1.3
155.55	1.3
155.6	1.3
155.65	1.3
155.7	1.3
155.75	1.4
155.8	1.4
155.85	1.4
155.9	1.4
155.95	1.4
156	1.4
156.05	1.4
156.1	1.4
156.15	1.4
156.2	1.4
156.25	1.4
156.3	1.4
156.35	1.4
156.4	1.4
156.45	1.3
156.5	1.3
156.55	1.3
156.6	1.3
156.65	1.3
156.7	1.3
156.75	1.3
156.8	1.3
156.85	1.3
156.9	1.2
156.95	1.2
157	1.2
157.05	1.2
157.1	1.2
157.15	1.2
157.2	1.2
157.25	1.2
157.3	1.2
157.35	1.2
157.4	1.2
157.45	1.2
157.5	1.2
157.55	1.3
157.6	1.3
157.65	1.3
157.7	1.3
157.75	1.3
157.8	1.3
157.85	1.3
157.9	1.3
157.95	1.3
158	1.3
158.05	1.3
158.1	1.3
158.15	1.4
158.2	1.4
158.25	1.4
158.3	1.4
158.35	1.4
158.4	1.4
158.45	1.3
158.5	1.3
158.55	1.3
158.6	1.3
158.65	1.3
158.7	1.3
158.75	1.3
158.8	1.3
158.85	1.3
158.9	1.3
158.95	1.3
159	1.2
159.05	1.2
159.1	1.2
159.15	1.2
159.2	1.2
159.25	1.2
159.3	1.2
159.35	1.2
159.4	1.2
159.45	1.2
159.5	1.2
159.55	1.2
159.6	1.2
159.65	1.2
159.7	1.2
159.75	1.2
159.8	1.2
159.85	1.3
159.9	1.3
159.95	1.3
160	1.3
160.05	1.3
160.1	1.3
160.15	1.3
160.2	1.3
160.25	1.3
160.3	1.3
160.35	1.3
160.4	1.3
160.45	1.3
160.5	1.3
160.55	1.3
160.6	1.3
160.65	1.3
160.7	1.3
160.75	1.3
160.8	1.3
160.85	1.3
160.9	1.3
160.95	1.3
161	1.3
161.05	1.3
161.1	1.2
161.15	1.2
161.2	1.2
161.25	1.2
161.3	1.2
161.35	1.2
161.4	1.2
161.45	1.2
161.5	1.2
161.55	1.2
161.6	1.2
161.65	1.2
161.7	1.2
161.75	1.2
161.8	1.2
161.85	1.2
161.9	1.2
161.95	1.2
162	1.2
162.05	1.2
162.1	1.2
162.15	1.3
162.2	1.3
162.25	1.3
162.3	1.3
162.35	1.3
162.4	1.3
162.45	1.3
162.5	1.3
162.55	1.3
162.6	1.3
162.65	1.3
162.7	1.3
162.75	1.3
162.8	1.3
162.85	1.3
162.9	1.3
162.95	1.3
163	1.3
163.05	1.3
163.1	1.3
163.15	1.3
163.2	1.2
163.25	1.2
163.3	1.2
163.35	1.2
163.4	1.2
163.45	1.2
163.5	1.2
163.55	1.2
163.6	1.2
163.65	1.2
163.7	1.2
163.75	1.2
163.8	1.2
163.85	1.2
163.9	1.2
163.95	1.2
164	1.2
164.05	1.2
164.1	1.2
164.15	1.2
164.2	1.2
164.25	1.2
164.3	1.2
164.35	1.2
164.4	1.2
164.45	1.3
164.5	1.3
164.55	1.3
164.6	1.3
164.65	1.3
164.7	1.3
164.75	1.3
164.8	1.3
164.85	1.3
164.9	1.3
164.95	1.3
165	1.3
165.05	1.3
165.1	1.3
165.15	1.3
165.2	1.3
165.25	1.2
165.3	1.2
165.35	1.2
165.4	1.2
165.45	1.2
165.5	1.2
165.55	1.2
165.6	1.2
165.65	1.2
165.7	1.2
165.75	1.2
165.8	1.2
165.85	1.2
165.9	1.2
165.95	1.2
166	1.2
166.05	1.2
166.1	1.2
166.15	1.2
166.2	1.2
166.25	1.2
166.3	1.2
166.35	1.2
166.4	1.2
166.45	1.2
166.5	1.2
166.55	1.2
166.6	1.2
166.65	1.2
166.7	1.2
166.75	1.2
166.8	1.2
166.85	1.3
166.9	1.3
166.95	1.3
167	1.3
167.05	1.3
167.1	1.3
167.15	1.3
167.2	1.3
167.25	1.3
167.3	1.2
167.35	1.2
167.4	1.2
167.45	1.2
167.5	1.2
167.55	1.2
167.6	1.2
167.65	1.2
167.7	1.2
167.75	1.2
167.8	1.2
167.85	1.2
167.9	1.2
167.95	1.2
168	1.2
168.05	1.1
168.1	1.1
168.15	1.1
168.2	1.1
168.25	1.1
168.3	1.1
168.35	1.2
168.4	1.2
168.45	1.2
168.5	1.2
168.55	1.2
168.6	1.2
168.65	1.2
168.7	1.2
168.75	1.2
168.8	1.2
168.85	1.2
168.9	1.2
168.95	1.2
169	1.2
169.05	1.2
169.1	1.2
169.15	1.2
169.2	1.2
169.25	1.2
169.3	1.2
169.35	1.2
169.4	1.2
169.45	1.2
169.5	1.2
169.55	1.2
169.6	1.2
169.65	1.2
169.7	1.2
169.75	1.2
169.8	1.2
169.85	1.2
169.9	1.2
169.95	1.2
170	1.2
170.05	1.2
170.1	1.1
170.15	1.1
170.2	1.1
170.25	1.1
170.3	1.1
170.35	1.1
170.4	1.1
170.45	1.1
170.5	1.1
170.55	1.1
170.6	1.1
170.65	1.1
170.7	1.2
170.75	1.2
170.8	1.2
170.85	1.2
170.9	1.2
170.95	1.2
171	1.2
171.05	1.2
171.1	1.2
171.15	1.2
171.2	1.2
171.25	1.2
171.3	1.2
171.35	1.2
171.4	1.2
171.45	1.2
171.5	1.2
171.55	1.2
171.6	1.2
171.65	1.2
171.7	1.2
171.75	1.2
171.8	1.2
171.85	1.2
171.9	1.2
171.95	1.2
172	1.2
172.05	1.2
172.1	1.2
172.15	1.1
172.2	1.1
172.25	1.1
172.3	1.1
172.35	1.1
172.4	1.1
172.45	1.1
172.5	1.1
172.55	1.1
172.6	1.1
172.65	1.1
172.7	1.1
172.75	1.1
172.8	1.1
172.85	1.1
172.9	1.1
172.95	1.1
173	1.2
173.05	1.2
173.1	1.2
173.15	1.2
173.2	1.2
173.25	1.2
173.3	1.2
173.35	1.2
173.4	1.2
173.45	1.2
173.5	1.2
173.55	1.2
173.6	1.2
173.65	1.2
173.7	1.2
173.75	1.2
173.8	1.2
173.85	1.2
173.9	1.2
173.95	1.2
174	1.2
174.05	1.2
174.1	1.2
174.15	1.2
174.2	1.2
174.25	1.1
174.3	1.1
174.35	1.1
174.4	1.1
174.45	1.1
174.5	1.1
174.55	1.1
174.6	1.1
174.65	1.1
174.7	1.1
174.75	1.1
174.8	1.1
174.85	1.1
174.9	1.1
174.95	1.1
175	1.1
175.05	1.1
175.1	1.1
175.15	1.1
175.2	1.1
175.25	1.1
175.3	1.2
175.35	1.2
175.4	1.2
175.45	1.2
175.5	1.2
175.55	1.2
175.6	1.2
175.65	1.2
175.7	1.2
175.75	1.2
175.8	1.2
175.85	1.2
175.9	1.2
175.95	1.2
176	1.2
176.05	1.2
176.1	1.2
176.15	1.2
176.2	1.2
176.25	1.2
176.3	1.2
176.35	1.1
176.4	1.1
176.45	1.1
176.5	1.1
176.55	1.1
176.6	1.1
176.65	1.1
176.7	1.1
176.75	1.1
176.8	1.1
176.85	1.1
176.9	1.1
176.95	1.1
177	1.1
177.05	1.1
177.1	1.1
177.15	1.1
177.2	1.1
177.25	1.1
177.3	1.1
177.35	1.1
177.4	1.1
177.45	1.1
177.5	1.1
177.55	1.1
177.6	1.1
177.65	1.2
177.7	1.2
177.75	1.2
177.8	1.2
177.85	1.2
177.9	1.2
177.95	1.2
178	1.2
178.05	1.2
178.1	1.2
178.15	1.2
178.2	1.2
178.25	1.2
178.3	1.2
178.35	1.2
178.4	1.1
178.45	1.1
178.5	1.1
178.55	1.1
178.6	1.1
178.65	1.1
178.7	1.1
178.75	1.1
178.8	1.1
178.85	1.1
178.9	1.1
178.95	1.1
179	1.1
179.05	1.1
179.1	1.1
179.15	1.1
179.2	1.1
179.25	1.1
179.3	1.1
179.35	1.1
179.4	1.1
179.45	1.1
179.5	1.1
179.55	1.1
179.6	1.1
179.65	1.1
179.7	1.1
179.75	1.1
179.8	1.1
179.85	1.1
179.9	1.1
179.95	1.1
180	1.2
180.05	1.2
180.1	1.2
180.15	1.2
180.2	1.2
180.25	1.2
180.3	1.2
180.35	1.2
180.4	1.1
180.45	1.1
180.5	1.1
180.55	1.1
180.6	1.1
180.65	1.1
180.7	1.1
180.75	1.1
180.8	1.1
180.85	1.1
180.9	1.1
180.95	1.1
181	1.1
181.05	1.1
181.1	1.1
181.15	1.1
181.2	1.1
181.25	1.1
181.3	1.1
181.35	1.1
181.4	1.1
181.45	1.1
181.5	1.1
181.55	1.1
181.6	1.1
181.65	1.1
181.7	1.1
181.75	1.1
181.8	1.1
181.85	1.1
181.9	1.1
181.95	1.1
182	1.1
182.05	1.1
182.1	1.1
182.15	1.1
182.2	1.1
182.25	1.1
182.3	1.1
182.35	1.1
182.4	1.1
182.45	1.1
182.5	1.1
182.55	1.1
182.6	1.1
182.65	1.1
182.7	1.1
182.75	1.1
182.8	1.1
182.85	1.1
182.9	1.1
182.95	1.1
183	1.1
183.05	1.1
183.1	1.1
183.15	1.1
183.2	1.1
183.25	1.1
183.3	1.1
183.35	1.1
183.4	1.1
183.45	1.1
183.5	1.1
183.55	1.1
183.6	1.1
183.65	1.1
183.7	1.1
183.75	1.1
183.8	1.1
183.85	1.1
183.9	1.1
183.95	1.1
184	1.1
184.05	1.1
184.1	1.1
184.15	1.1
184.2	1.1
184.25	1.1
184.3	1.1
184.35	1.1
184.4	1.1
184.45	1.1
184.5	1.1
184.55	1.1
184.6	1.1
184.65	1.1
184.7	1.1
184.75	1.1
184.8	1.1
184.85	1.1
184.9	1.1
184.95	1.1
185	1.1
185.05	1.1
185.1	1.1
185.15	1.1
185.2	1.1
185.25	1.1
185.3	1.1
185.35	1.1
185.4	1.1
185.45	1.1
185.5	1.1
185.55	1.1
185.6	1.1
185.65	1.1
185.7	1.1
185.75	1.1
185.8	1.1
185.85	1.1
185.9	1.1
185.95	1.1
186	1.1
186.05	1.1
186.1	1.1
186.15	1.1
186.2	1.1
186.25	1.1
186.3	1.1
186.35	1.1
186.4	1.1
186.45	1.1
186.5	1.1
186.55	1.1
186.6	1.1
186.65	1.1
186.7	1.1
186.75	1.1
186.8	1.1
186.85	1.1
186.9	1.1
186.95	1.1
187	1.1
187.05	1.1
187.1	1.1
187.15	1.1
187.2	1.1
187.25	1.1
187.3	1.1
187.35	1.1
187.4	1.1
187.45	1.1
187.5	1.1
187.55	1.1
187.6	1.1
187.65	1.1
187.7	1.1
187.75	1.1
187.8	1.1
187.85	1.1
187.9	1.1
187.95	1.1
188	1.1
188.05	1.1
188.1	1.1
188.15	1.1
188.2	1.1
188.25	1.1
188.3	1.1
188.35	1.1
188.4	1.1
188.45	1.1
188.5	1.1
188.55	1.1
188.6	1.1
188.65	1.1
188.7	1.1
188.75	1.1
188.8	1.1
188.85	1.1
188.9	1.1
188.95	1.1
189	1.1
189.05	1.1
189.1	1.1
189.15	1.1
189.2	1.1
189.25	1.1
189.3	1.1
189.35	1.1
189.4	1.1
189.45	1.1
189.5	1.1
189.55	1.1
189.6	1.1
189.65	1.1
189.7	1.1
189.75	1.1
189.8	1.1
189.85	1.1
189.9	1.1
189.95	1
190	1
190.05	1
190.1	1
190.15	1
190.2	1
190.25	1
190.3	1.1
190.35	1.1
190.4	1.1
190.45	1.1
190.5	1.1
190.55	1.1
190.6	1.1
190.65	1.1
190.7	1.1
190.75	1.1
190.8	1.1
190.85	1.1
190.9	1.1
190.95	1.1
191	1.1
191.05	1.1
191.1	1.1
191.15	1.1
191.2	1.1
191.25	1.1
191.3	1.1
191.35	1.1
191.4	1.1
191.45	1.1
191.5	1.1
191.55	1.1
191.6	1.1
191.65	1.1
191.7	1.1
191.75	1.1
191.8	1.1
191.85	1.1
191.9	1.1
191.95	1.1
192	1
192.05	1
192.1	1
192.15	1
192.2	1
192.25	1
192.3	1
192.35	1
192.4	1
192.45	1
