4.2	34.1932
4.25	34.1417
4.3	34.0901
4.35	34.0385
4.4	33.9868
4.45	33.9351
4.5	33.8834
4.55	33.8316
4.6	33.7798
4.65	33.728
4.7	33.6762
4.75	33.6243
4.8	33.5724
4.85	33.5206
4.9	33.4686
4.95	33.4167
5	33.3648
5.05	33.3129
5.1	33.261
5.15	33.209
5.2	33.1571
5.25	33.1052
5.3	33.0533
5.35	33.0013
5.4	32.9494
5.45	32.8976
5.5	32.8457
5.55	32.7938
5.6	32.742
5.65	32.6902
5.7	32.6384
5.75	32.5866
5.8	32.5348
5.85	32.4831
5.9	32.4314
5.95	32.3797
6	32.3281
6.05	32.2765
6.1	32.2249
6.15	32.1734
6.2	32.1219
6.25	32.0704
6.3	32.019
6.35	31.9676
6.4	31.9162
6.45	31.8649
6.5	31.8137
6.55	31.7624
6.6	31.7113
6.65	31.6601
6.7	31.609
6.75	31.558
6.8	31.507
6.85	31.4561
6.9	31.4052
6.95	31.3544
7	31.3036
7.05	31.2529
7.1	31.2022
7.15	31.1516
7.2	31.101
7.25	31.0505
7.3	31
7.35	30.9497
7.4	30.8993
7.45	30.849
7.5	30.7988
7.55	30.7487
7.6	30.6986
7.65	30.6486
7.7	30.5986
7.75	30.5487
7.8	30.4988
7.85	30.4491
7.9	30.3994
7.95	30.3497
8	30.3001
8.05	30.2506
8.1	30.2012
8.15	30.1518
8.2	30.1025
8.25	30.0532
8.3	30.004
8.35	29.9549
8.4	29.9059
8.45	29.8569
8.5	29.808
8.55	29.7592
8.6	29.7104
8.65	29.6617
8.7	29.6131
8.75	29.5646
8.8	29.5161
8.85	29.4677
8.9	29.4193
8.95	29.3711
9	29.3229
9.05	29.2748
9.1	29.2267
9.15	29.1788
9.2	29.1309
9.25	29.0831
9.3	29.0353
9.35	28.9876
9.4	28.94
9.45	28.8925
9.5	28.8451
9.55	28.7977
9.6	28.7504
9.65	28.7032
9.7	28.656
9.75	28.609
9.8	28.562
9.85	28.515
9.9	28.4682
9.95	28.4214
10	28.3748
10.05	28.3281
10.1	28.2816
10.15	28.2351
10.2	28.1888
10.25	28.1425
10.3	28.0962
10.35	28.0501
10.4	28.004
10.45	27.958
10.5	27.9121
10.55	27.8662
10.6	27.8205
10.65	27.7748
10.7	27.7292
10.75	27.6837
10.8	27.6382
10.85	27.5928
10.9	27.5475
10.95	27.5023
11	27.4572
11.05	27.4121
11.1	27.3671
11.15	27.3222
11.2	27.2774
11.25	27.2326
11.3	27.1879
11.35	27.1433
11.4	27.0988
11.45	27.0544
11.5	27.01
11.55	26.9657
11.6	26.9215
11.65	26.8774
11.7	26.8333
11.75	26.7894
11.8	26.7455
11.85	26.7016
11.9	26.6579
11.95	26.6142
12	26.5706
12.05	26.5271
12.1	26.4837
12.15	26.4403
12.2	26.3971
12.25	26.3539
12.3	26.3107
12.35	26.2677
12.4	26.2247
12.45	26.1818
12.5	26.139
12.55	26.0963
12.6	26.0536
12.65	26.011
12.7	25.9685
12.75	25.9261
12.8	25.8837
12.85	25.8415
12.9	25.7993
12.95	25.7571
13	25.7151
13.05	25.6731
13.1	25.6312
13.15	25.5894
13.2	25.5477
13.25	25.506
13.3	25.4644
13.35	25.4229
13.4	25.3815
13.45	25.3401
13.5	25.2988
13.55	25.2576
13.6	25.2165
13.65	25.1754
13.7	25.1344
13.75	25.0935
13.8	25.0527
13.85	25.0119
13.9	24.9712
13.95	24.9306
14	24.8901
14.05	24.8496
14.1	24.8093
14.15	24.7689
14.2	24.7287
14.25	24.6885
14.3	24.6485
14.35	24.6084
14.4	24.5685
14.45	24.5286
14.5	24.4888
14.55	24.4491
14.6	24.4095
14.65	24.3699
14.7	24.3304
14.75	24.291
14.8	24.2516
14.85	24.2123
14.9	24.1731
14.95	24.134
15	24.0949
15.05	24.0559
15.1	24.017
15.15	23.9782
15.2	23.9394
15.25	23.9007
15.3	23.8621
15.35	23.8235
15.4	23.785
15.45	23.7466
15.5	23.7083
15.55	23.67
15.6	23.6318
15.65	23.5937
15.7	23.5556
15.75	23.5176
15.8	23.4797
15.85	23.4419
15.9	23.4041
15.95	23.3664
16	23.3287
16.05	23.2912
16.1	23.2537
16.15	23.2163
16.2	23.1789
16.25	23.1416
16.3	23.1044
16.35	23.0673
16.4	23.0302
16.45	22.9932
16.5	22.9562
16.55	22.9194
16.6	22.8826
16.65	22.8458
16.7	22.8092
16.75	22.7726
16.8	22.736
16.85	22.6996
16.9	22.6632
16.95	22.6269
17	22.5906
17.05	22.5544
17.1	22.5183
17.15	22.4822
17.2	22.4462
17.25	22.4103
17.3	22.3745
17.35	22.3387
17.4	22.303
17.45	22.2673
17.5	22.2317
17.55	22.1962
17.6	22.1608
17.65	22.1254
17.7	22.09
17.75	22.0548
17.8	22.0196
17.85	21.9845
17.9	21.9494
17.95	21.9144
18	21.8795
18.05	21.8446
18.1	21.8098
18.15	21.7751
18.2	21.7404
18.25	21.7058
18.3	21.6713
18.35	21.6368
18.4	21.6024
18.45	21.5681
18.5	21.5338
18.55	21.4996
18.6	21.4654
18.65	21.4313
18.7	21.3973
18.75	21.3633
18.8	21.3294
18.85	21.2956
18.9	21.2618
18.95	21.2281
19	21.1944
19.05	21.1609
19.1	21.1273
19.15	21.0939
19.2	21.0605
19.25	21.0271
19.3	20.9939
19.35	20.9606
19.4	20.9275
19.45	20.8944
19.5	20.8614
19.55	20.8284
19.6	20.7955
19.65	20.7627
19.7	20.7299
19.75	20.6971
19.8	20.6645
19.85	20.6319
19.9	20.5993
19.95	20.5669
20	20.5344
20.05	20.5021
20.1	20.4698
20.15	20.4375
20.2	20.4054
20.25	20.3732
20.3	20.3412
20.35	20.3092
20.4	20.2772
20.45	20.2453
20.5	20.2135
20.55	20.1817
20.6	20.15
20.65	20.1184
20.7	20.0868
20.75	20.0553
20.8	20.0238
20.85	19.9924
20.9	19.961
20.95	19.9297
21	19.8985
21.05	19.8673
21.1	19.8362
21.15	19.8051
21.2	19.7741
21.25	19.7431
21.3	19.7122
21.35	19.6814
21.4	19.6506
21.45	19.6199
21.5	19.5892
21.55	19.5586
21.6	19.5281
21.65	19.4976
21.7	19.4671
21.75	19.4367
21.8	19.4064
21.85	19.3761
21.9	19.3459
21.95	19.3157
22	19.2856
22.05	19.2556
22.1	19.2256
22.15	19.1956
22.2	19.1657
22.25	19.1359
22.3	19.1061
22.35	19.0764
22.4	19.0467
22.45	19.0171
22.5	18.9876
22.55	18.958
22.6	18.9286
22.65	18.8992
22.7	18.8699
22.75	18.8406
22.8	18.8113
22.85	18.7821
22.9	18.753
22.95	18.7239
23	18.6949
23.05	18.6659
23.1	18.637
23.15	18.6082
23.2	18.5794
23.25	18.5506
23.3	18.5219
23.35	18.4932
23.4	18.4646
23.45	18.4361
23.5	18.4076
23.55	18.3791
23.6	18.3508
23.65	18.3224
23.7	18.2941
23.75	18.2659
23.8	18.2377
23.85	18.2096
23.9	18.1815
23.95	18.1534
24	18.1255
24.05	18.0975
24.1	18.0697
24.15	18.0418
24.2	18.0141
24.25	17.9863
24.3	17.9586
24.35	17.931
24.4	17.9034
24.45	17.8759
24.5	17.8484
24.55	17.821
24.6	17.7936
24.65	17.7663
24.7	17.739
24.75	17.7118
24.8	17.6846
24.85	17.6575
24.9	17.6304
24.95	17.6034
25	17.5764
25.05	17.5495
25.1	17.5226
25.15	17.4958
25.2	17.469
25.25	17.4422
25.3	17.4155
25.35	17.3889
25.4	17.3623
25.45	17.3358
25.5	17.3093
25.55	17.2828
25.6	17.2564
25.65	17.2301
25.7	17.2037
25.75	17.1775
25.8	17.1513
25.85	17.1251
25.9	17.099
25.95	17.0729
26	17.0469
26.05	17.0209
26.1	16.995
26.15	16.9691
26.2	16.9433
26.25	16.9175
26.3	16.8917
26.35	16.866
26.4	16.8404
26.45	16.8148
26.5	16.7892
26.55	16.7637
26.6	16.7383
26.65	16.7128
26.7	16.6875
26.75	16.6621
26.8	16.6368
26.85	16.6116
26.9	16.5864
26.95	16.5613
27	16.5362
27.05	16.5111
27.1	16.4861
27.15	16.4611
27.2	16.4362
27.25	16.4113
27.3	16.3865
27.35	16.3617
27.4	16.3369
27.45	16.3122
27.5	16.2876
27.55	16.263
27.6	16.2384
27.65	16.2139
27.7	16.1894
27.75	16.165
27.8	16.1406
27.85	16.1162
27.9	16.0919
27.95	16.0676
28	16.0434
28.05	16.0192
28.1	15.9951
28.15	15.971
28.2	15.947
28.25	15.923
28.3	15.899
28.35	15.8751
28.4	15.8512
28.45	15.8274
28.5	15.8036
28.55	15.7798
28.6	15.7561
28.65	15.7324
28.7	15.7088
28.75	15.6852
28.8	15.6617
28.85	15.6382
28.9	15.6147
28.95	15.5913
29	15.5679
29.05	15.5446
29.1	15.5213
29.15	15.4981
29.2	15.4749
29.25	15.4517
29.3	15.4286
29.35	15.4055
29.4	15.3824
29.45	15.3594
29.5	15.3365
29.55	15.3135
29.6	15.2907
29.65	15.2678
29.7	15.245
29.75	15.2223
29.8	15.1995
29.85	15.1769
29.9	15.1542
29.95	15.1316
30	15.109
30.05	15.0865
30.1	15.064
30.15	15.0416
30.2	15.0192
30.25	14.9968
30.3	14.9745
30.35	14.9522
30.4	14.93
30.45	14.9078
30.5	14.8856
30.55	14.8635
30.6	14.8414
30.65	14.8193
30.7	14.7973
30.75	14.7754
30.8	14.7534
30.85	14.7315
30.9	14.7097
30.95	14.6878
31	14.6661
31.05	14.6443
31.1	14.6226
31.15	14.6009
31.2	14.5793
31.25	14.5577
31.3	14.5362
31.35	14.5147
31.4	14.4932
31.45	14.4717
31.5	14.4503
31.55	14.429
31.6	14.4076
31.65	14.3864
31.7	14.3651
31.75	14.3439
31.8	14.3227
31.85	14.3016
31.9	14.2805
31.95	14.2594
32	14.2384
32.05	14.2174
32.1	14.1964
32.15	14.1755
32.2	14.1546
32.25	14.1337
32.3	14.1129
32.35	14.0922
32.4	14.0714
32.45	14.0507
32.5	14.03
32.55	14.0094
32.6	13.9888
32.65	13.9683
32.7	13.9477
32.75	13.9272
32.8	13.9068
32.85	13.8864
32.9	13.866
32.95	13.8456
33	13.8253
33.05	13.8051
33.1	13.7848
33.15	13.7646
33.2	13.7444
33.25	13.7243
33.3	13.7042
33.35	13.6841
33.4	13.6641
33.45	13.6441
33.5	13.6241
33.55	13.6042
33.6	13.5843
33.65	13.5645
33.7	13.5446
33.75	13.5248
33.8	13.5051
33.85	13.4854
33.9	13.4657
33.95	13.446
34	13.4264
34.05	13.4068
34.1	13.3873
34.15	13.3677
34.2	13.3483
34.25	13.3288
34.3	13.3094
34.35	13.29
34.4	13.2706
34.45	13.2513
34.5	13.232
34.55	13.2128
34.6	13.1936
34.65	13.1744
34.7	13.1552
34.75	13.1361
34.8	13.117
34.85	13.098
34.9	13.079
34.95	13.06
35	13.041
35.05	13.0221
35.1	13.0032
35.15	12.9843
35.2	12.9655
35.25	12.9467
35.3	12.928
35.35	12.9092
35.4	12.8905
35.45	12.8719
35.5	12.8532
35.55	12.8346
35.6	12.8161
35.65	12.7975
35.7	12.779
35.75	12.7606
35.8	12.7421
35.85	12.7237
35.9	12.7053
35.95	12.687
36	12.6687
36.05	12.6504
36.1	12.6321
36.15	12.6139
36.2	12.5957
36.25	12.5775
36.3	12.5594
36.35	12.5413
36.4	12.5232
36.45	12.5052
36.5	12.4872
36.55	12.4692
36.6	12.4513
36.65	12.4334
36.7	12.4155
36.75	12.3976
36.8	12.3798
36.85	12.362
36.9	12.3443
36.95	12.3265
37	12.3088
37.05	12.2911
37.1	12.2735
37.15	12.2559
37.2	12.2383
37.25	12.2208
37.3	12.2032
37.35	12.1857
37.4	12.1683
37.45	12.1508
37.5	12.1334
37.55	12.1161
37.6	12.0987
37.65	12.0814
37.7	12.0641
37.75	12.0469
37.8	12.0296
37.85	12.0124
37.9	11.9953
37.95	11.9781
38	11.961
38.05	11.9439
38.1	11.9269
38.15	11.9099
38.2	11.8929
38.25	11.8759
38.3	11.859
38.35	11.8421
38.4	11.8252
38.45	11.8083
38.5	11.7915
38.55	11.7747
38.6	11.7579
38.65	11.7412
38.7	11.7245
38.75	11.7078
38.8	11.6911
38.85	11.6745
38.9	11.6579
38.95	11.6414
39	11.6248
39.05	11.6083
39.1	11.5918
39.15	11.5754
39.2	11.5589
39.25	11.5425
39.3	11.5261
39.35	11.5098
39.4	11.4935
39.45	11.4772
39.5	11.4609
39.55	11.4447
39.6	11.4285
39.65	11.4123
39.7	11.3961
39.75	11.38
39.8	11.3639
39.85	11.3478
39.9	11.3318
39.95	11.3157
40	11.2997
40.05	11.2838
40.1	11.2678
40.15	11.2519
40.2	11.236
40.25	11.2202
40.3	11.2043
40.35	11.1885
40.4	11.1728
40.45	11.157
40.5	11.1413
40.55	11.1256
40.6	11.1099
40.65	11.0942
40.7	11.0786
40.75	11.063
40.8	11.0474
40.85	11.0319
40.9	11.0164
40.95	11.0009
41	10.9854
41.05	10.97
41.1	10.9546
41.15	10.9392
41.2	10.9238
41.25	10.9085
41.3	10.8931
41.35	10.8779
41.4	10.8626
41.45	10.8474
41.5	10.8321
41.55	10.817
41.6	10.8018
41.65	10.7867
41.7	10.7716
41.75	10.7565
41.8	10.7414
41.85	10.7264
41.9	10.7114
41.95	10.6964
42	10.6814
42.05	10.6665
42.1	10.6516
42.15	10.6367
42.2	10.6218
42.25	10.607
42.3	10.5922
42.35	10.5774
42.4	10.5626
42.45	10.5479
42.5	10.5332
42.55	10.5185
42.6	10.5038
42.65	10.4892
42.7	10.4746
42.75	10.46
42.8	10.4454
42.85	10.4308
42.9	10.4163
42.95	10.4018
43	10.3874
43.05	10.3729
43.1	10.3585
43.15	10.3441
43.2	10.3297
43.25	10.3154
43.3	10.301
43.35	10.2867
43.4	10.2724
43.45	10.2582
43.5	10.2439
43.55	10.2297
43.6	10.2155
43.65	10.2014
43.7	10.1872
43.75	10.1731
43.8	10.159
43.85	10.145
43.9	10.1309
43.95	10.1169
44	10.1029
44.05	10.0889
44.1	10.075
44.15	10.061
44.2	10.0471
44.25	10.0332
44.3	10.0194
44.35	10.0055
44.4	9.9917
44.45	9.9779
44.5	9.9641
44.55	9.9504
44.6	9.9367
44.65	9.923
44.7	9.9093
44.75	9.8956
44.8	9.882
44.85	9.8684
44.9	9.8548
44.95	9.8412
45	9.8276
45.05	9.8141
45.1	9.8006
45.15	9.7871
45.2	9.7737
45.25	9.7602
45.3	9.7468
45.35	9.7334
45.4	9.7201
45.45	9.7067
45.5	9.6934
45.55	9.6801
45.6	9.6668
45.65	9.6535
45.7	9.6403
45.75	9.6271
45.8	9.6139
45.85	9.6007
45.9	9.5876
45.95	9.5744
46	9.5613
46.05	9.5482
46.1	9.5352
46.15	9.5221
46.2	9.5091
46.25	9.4961
46.3	9.4831
46.35	9.4701
46.4	9.4572
46.45	9.4443
46.5	9.4314
46.55	9.4185
46.6	9.4056
46.65	9.3928
46.7	9.38
46.75	9.3672
46.8	9.3544
46.85	9.3417
46.9	9.3289
46.95	9.3162
47	9.3035
47.05	9.2909
47.1	9.2782
47.15	9.2656
47.2	9.253
47.25	9.2404
47.3	9.2278
47.35	9.2153
47.4	9.2028
47.45	9.1903
47.5	9.1778
47.55	9.1653
47.6	9.1529
47.65	9.1404
47.7	9.128
47.75	9.1157
47.8	9.1033
47.85	9.091
47.9	9.0786
47.95	9.0663
48	9.054
48.05	9.0418
48.1	9.0295
48.15	9.0173
48.2	9.0051
48.25	8.9929
48.3	8.9808
48.35	8.9686
48.4	8.9565
48.45	8.9444
48.5	8.9323
48.55	8.9202
48.6	8.9082
48.65	8.8962
48.7	8.8842
48.75	8.8722
48.8	8.8602
48.85	8.8483
48.9	8.8363
48.95	8.8244
49	8.8125
49.05	8.8006
49.1	8.7888
49.15	8.777
49.2	8.7651
49.25	8.7533
49.3	8.7416
49.35	8.7298
49.4	8.7181
49.45	8.7064
49.5	8.6947
49.55	8.683
49.6	8.6713
49.65	8.6597
49.7	8.648
49.75	8.6364
49.8	8.6248
49.85	8.6133
49.9	8.6017
49.95	8.5902
50	8.5787
50.05	8.5672
50.1	8.5557
50.15	8.5443
50.2	8.5328
50.25	8.5214
50.3	8.51
50.35	8.4986
50.4	8.4872
50.45	8.4759
50.5	8.4646
50.55	8.4533
50.6	8.442
50.65	8.4307
50.7	8.4194
50.75	8.4082
50.8	8.397
50.85	8.3858
50.9	8.3746
50.95	8.3634
51	8.3523
51.05	8.3411
51.1	8.33
51.15	8.3189
51.2	8.3079
51.25	8.2968
51.3	8.2858
51.35	8.2747
51.4	8.2637
51.45	8.2527
51.5	8.2418
51.55	8.2308
51.6	8.2199
51.65	8.209
51.7	8.1981
51.75	8.1872
51.8	8.1763
51.85	8.1655
51.9	8.1546
51.95	8.1438
52	8.133
52.05	8.1222
52.1	8.1115
52.15	8.1007
52.2	8.09
52.25	8.0793
52.3	8.0686
52.35	8.0579
52.4	8.0473
52.45	8.0366
52.5	8.026
52.55	8.0154
52.6	8.0048
52.65	7.9942
52.7	7.9837
52.75	7.9731
52.8	7.9626
52.85	7.9521
52.9	7.9416
52.95	7.9311
53	7.9207
53.05	7.9102
53.1	7.8998
53.15	7.8894
53.2	7.879
53.25	7.8686
53.3	7.8583
53.35	7.8479
53.4	7.8376
53.45	7.8273
53.5	7.817
53.55	7.8067
53.6	7.7965
53.65	7.7862
53.7	7.776
53.75	7.7658
53.8	7.7556
53.85	7.7454
53.9	7.7353
53.95	7.7251
54	7.715
54.05	7.7049
54.1	7.6948
54.15	7.6847
54.2	7.6746
54.25	7.6646
54.3	7.6545
54.35	7.6445
54.4	7.6345
54.45	7.6245
54.5	7.6146
54.55	7.6046
54.6	7.5947
54.65	7.5848
54.7	7.5749
54.75	7.565
54.8	7.5551
54.85	7.5452
54.9	7.5354
54.95	7.5256
55	7.5157
55.05	7.506
55.1	7.4962
55.15	7.4864
55.2	7.4767
55.25	7.4669
55.3	7.4572
55.35	7.4475
55.4	7.4378
55.45	7.4281
55.5	7.4185
55.55	7.4088
55.6	7.3992
55.65	7.3896
55.7	7.38
55.75	7.3704
55.8	7.3608
55.85	7.3513
55.9	7.3418
55.95	7.3322
56	7.3227
56.05	7.3132
56.1	7.3038
56.15	7.2943
56.2	7.2848
56.25	7.2754
56.3	7.266
56.35	7.2566
56.4	7.2472
56.45	7.2378
56.5	7.2285
56.55	7.2191
56.6	7.2098
56.65	7.2005
56.7	7.1912
56.75	7.1819
56.8	7.1726
56.85	7.1634
56.9	7.1541
56.95	7.1449
57	7.1357
57.05	7.1265
57.1	7.1173
57.15	7.1082
57.2	7.099
57.25	7.0899
57.3	7.0807
57.35	7.0716
57.4	7.0625
57.45	7.0535
57.5	7.0444
57.55	7.0353
57.6	7.0263
57.65	7.0173
57.7	7.0083
57.75	6.9993
57.8	6.9903
57.85	6.9813
57.9	6.9724
57.95	6.9634
58	6.9545
58.05	6.9456
58.1	6.9367
58.15	6.9278
58.2	6.9189
58.25	6.9101
58.3	6.9012
58.35	6.8924
58.4	6.8836
58.45	6.8748
58.5	6.866
58.55	6.8572
58.6	6.8485
58.65	6.8397
58.7	6.831
58.75	6.8223
58.8	6.8136
58.85	6.8049
58.9	6.7962
58.95	6.7875
59	6.7789
59.05	6.7702
59.1	6.7616
59.15	6.753
59.2	6.7444
59.25	6.7358
59.3	6.7273
59.35	6.7187
59.4	6.7102
59.45	6.7016
59.5	6.6931
59.55	6.6846
59.6	6.6761
59.65	6.6676
59.7	6.6592
59.75	6.6507
59.8	6.6423
59.85	6.6339
59.9	6.6255
59.95	6.6171
60	6.6087
60.05	6.6003
60.1	6.592
60.15	6.5836
60.2	6.5753
60.25	6.567
60.3	6.5587
60.35	6.5504
60.4	6.5421
60.45	6.5338
60.5	6.5256
60.55	6.5173
60.6	6.5091
60.65	6.5009
60.7	6.4927
60.75	6.4845
60.8	6.4763
60.85	6.4681
60.9	6.46
60.95	6.4518
61	6.4437
61.05	6.4356
61.1	6.4275
61.15	6.4194
61.2	6.4113
61.25	6.4033
61.3	6.3952
61.35	6.3872
61.4	6.3792
61.45	6.3711
61.5	6.3631
61.55	6.3552
61.6	6.3472
61.65	6.3392
61.7	6.3313
61.75	6.3233
61.8	6.3154
61.85	6.3075
61.9	6.2996
61.95	6.2917
62	6.2838
62.05	6.2759
62.1	6.2681
62.15	6.2603
62.2	6.2524
62.25	6.2446
62.3	6.2368
62.35	6.229
62.4	6.2212
62.45	6.2135
62.5	6.2057
62.55	6.198
62.6	6.1902
62.65	6.1825
62.7	6.1748
62.75	6.1671
62.8	6.1594
62.85	6.1517
62.9	6.1441
62.95	6.1364
63	6.1288
63.05	6.1212
63.1	6.1136
63.15	6.106
63.2	6.0984
63.25	6.0908
63.3	6.0832
63.35	6.0757
63.4	6.0681
63.45	6.0606
63.5	6.0531
63.55	6.0456
63.6	6.0381
63.65	6.0306
63.7	6.0231
63.75	6.0156
63.8	6.0082
63.85	6.0008
63.9	5.9933
63.95	5.9859
64	5.9785
64.05	5.9711
64.1	5.9637
64.15	5.9564
64.2	5.949
64.25	5.9417
64.3	5.9343
64.35	5.927
64.4	5.9197
64.45	5.9124
64.5	5.9051
64.55	5.8978
64.6	5.8905
64.65	5.8833
64.7	5.876
64.75	5.8688
64.8	5.8616
64.85	5.8544
64.9	5.8472
64.95	5.84
65	5.8328
65.05	5.8256
65.1	5.8185
65.15	5.8113
65.2	5.8042
65.25	5.7971
65.3	5.7899
65.35	5.7828
65.4	5.7758
65.45	5.7687
65.5	5.7616
65.55	5.7545
65.6	5.7475
65.65	5.7405
65.7	5.7334
65.75	5.7264
65.8	5.7194
65.85	5.7124
65.9	5.7054
65.95	5.6985
66	5.6915
66.05	5.6845
66.1	5.6776
66.15	5.6707
66.2	5.6638
66.25	5.6568
66.3	5.6499
66.35	5.6431
66.4	5.6362
66.45	5.6293
66.5	5.6225
66.55	5.6156
66.6	5.6088
66.65	5.602
66.7	5.5951
66.75	5.5883
66.8	5.5815
66.85	5.5748
66.9	5.568
66.95	5.5612
67	5.5545
67.05	5.5477
67.1	5.541
67.15	5.5343
67.2	5.5276
67.25	5.5209
67.3	5.5142
67.35	5.5075
67.4	5.5008
67.45	5.4942
67.5	5.4875
67.55	5.4809
67.6	5.4743
67.65	5.4676
67.7	5.461
67.75	5.4544
67.8	5.4478
67.85	5.4413
67.9	5.4347
67.95	5.4281
68	5.4216
68.05	5.4151
68.1	5.4085
68.15	5.402
68.2	5.3955
68.25	5.389
68.3	5.3825
68.35	5.376
68.4	5.3696
68.45	5.3631
68.5	5.3567
68.55	5.3502
68.6	5.3438
68.65	5.3374
68.7	5.331
68.75	5.3246
68.8	5.3182
68.85	5.3118
68.9	5.3054
68.95	5.2991
69	5.2927
69.05	5.2864
69.1	5.28
69.15	5.2737
69.2	5.2674
69.25	5.2611
69.3	5.2548
69.35	5.2485
69.4	5.2423
69.45	5.236
69.5	5.2297
69.55	5.2235
69.6	5.2173
69.65	5.211
69.7	5.2048
69.75	5.1986
69.8	5.1924
69.85	5.1862
69.9	5.18
69.95	5.1739
70	5.1677
70.05	5.1616
70.1	5.1554
70.15	5.1493
70.2	5.1432
70.25	5.1371
70.3	5.1309
70.35	5.1249
70.4	5.1188
70.45	5.1127
70.5	5.1066
70.55	5.1006
70.6	5.0945
70.65	5.0885
70.7	5.0824
70.75	5.0764
70.8	5.0704
70.85	5.0644
70.9	5.0584
70.95	5.0524
71	5.0465
71.05	5.0405
71.1	5.0345
71.15	5.0286
71.2	5.0226
71.25	5.0167
71.3	5.0108
71.35	5.0049
71.4	4.999
71.45	4.9931
71.5	4.9872
71.55	4.9813
71.6	4.9754
71.65	4.9696
71.7	4.9637
71.75	4.9579
71.8	4.9521
71.85	4.9462
71.9	4.9404
71.95	4.9346
72	4.9288
72.05	4.923
72.1	4.9173
72.15	4.9115
72.2	4.9057
72.25	4.9
72.3	4.8942
72.35	4.8885
72.4	4.8828
72.45	4.877
72.5	4.8713
72.55	4.8656
72.6	4.8599
72.65	4.8543
72.7	4.8486
72.75	4.8429
72.8	4.8373
72.85	4.8316
72.9	4.826
72.95	4.8203
73	4.8147
73.05	4.8091
73.1	4.8035
73.15	4.7979
73.2	4.7923
73.25	4.7867
73.3	4.7811
73.35	4.7756
73.4	4.77
73.45	4.7645
73.5	4.7589
73.55	4.7534
73.6	4.7479
73.65	4.7424
73.7	4.7369
73.75	4.7314
73.8	4.7259
73.85	4.7204
73.9	4.7149
73.95	4.7094
74	4.704
74.05	4.6985
74.1	4.6931
74.15	4.6877
74.2	4.6822
74.25	4.6768
74.3	4.6714
74.35	4.666
74.4	4.6606
74.45	4.6552
74.5	4.6499
74.55	4.6445
74.6	4.6391
74.65	4.6338
74.7	4.6284
74.75	4.6231
74.8	4.6178
74.85	4.6125
74.9	4.6072
74.95	4.6019
75	4.5966
75.05	4.5913
75.1	4.586
75.15	4.5807
75.2	4.5755
75.25	4.5702
75.3	4.565
75.35	4.5597
75.4	4.5545
75.45	4.5493
75.5	4.544
75.55	4.5388
75.6	4.5336
75.65	4.5284
75.7	4.5233
75.75	4.5181
75.8	4.5129
75.85	4.5078
75.9	4.5026
75.95	4.4975
76	4.4923
76.05	4.4872
76.1	4.4821
76.15	4.4769
76.2	4.4718
76.25	4.4667
76.3	4.4617
76.35	4.4566
76.4	4.4515
76.45	4.4464
76.5	4.4414
76.55	4.4363
76.6	4.4313
76.65	4.4262
76.7	4.4212
76.75	4.4162
76.8	4.4112
76.85	4.4061
76.9	4.4011
76.95	4.3961
77	4.3912
77.05	4.3862
77.1	4.3812
77.15	4.3762
77.2	4.3713
77.25	4.3663
77.3	4.3614
77.35	4.3565
77.4	4.3515
77.45	4.3466
77.5	4.3417
77.55	4.3368
77.6	4.3319
77.65	4.327
77.7	4.3221
77.75	4.3173
77.8	4.3124
77.85	4.3075
77.9	4.3027
77.95	4.2978
78	4.293
78.05	4.2882
78.1	4.2833
78.15	4.2785
78.2	4.2737
78.25	4.2689
78.3	4.2641
78.35	4.2593
78.4	4.2545
78.45	4.2498
78.5	4.245
78.55	4.2402
78.6	4.2355
78.65	4.2307
78.7	4.226
78.75	4.2213
78.8	4.2165
78.85	4.2118
78.9	4.2071
78.95	4.2024
79	4.1977
79.05	4.193
79.1	4.1883
79.15	4.1837
79.2	4.179
79.25	4.1743
79.3	4.1697
79.35	4.165
79.4	4.1604
79.45	4.1558
79.5	4.1511
79.55	4.1465
79.6	4.1419
79.65	4.1373
79.7	4.1327
79.75	4.1281
79.8	4.1235
79.85	4.1189
79.9	4.1144
79.95	4.1098
80	4.1053
80.05	4.1007
80.1	4.0962
80.15	4.0916
80.2	4.0871
80.25	4.0826
80.3	4.078
80.35	4.0735
80.4	4.069
80.45	4.0645
80.5	4.06
80.55	4.0556
80.6	4.0511
80.65	4.0466
80.7	4.0421
80.75	4.0377
80.8	4.0332
80.85	4.0288
80.9	4.0244
80.95	4.0199
81	4.0155
81.05	4.0111
81.1	4.0067
81.15	4.0023
81.2	3.9979
81.25	3.9935
81.3	3.9891
81.35	3.9847
81.4	3.9803
81.45	3.976
81.5	3.9716
81.55	3.9673
81.6	3.9629
81.65	3.9586
81.7	3.9542
81.75	3.9499
81.8	3.9456
81.85	3.9413
81.9	3.937
81.95	3.9327
82	3.9284
82.05	3.9241
82.1	3.9198
82.15	3.9155
82.2	3.9113
82.25	3.907
82.3	3.9027
82.35	3.8985
82.4	3.8942
82.45	3.89
82.5	3.8858
82.55	3.8816
82.6	3.8773
82.65	3.8731
82.7	3.8689
82.75	3.8647
82.8	3.8605
82.85	3.8563
82.9	3.8521
82.95	3.848
83	3.8438
83.05	3.8396
83.1	3.8355
83.15	3.8313
83.2	3.8272
83.25	3.8231
83.3	3.8189
83.35	3.8148
83.4	3.8107
83.45	3.8066
83.5	3.8024
83.55	3.7983
83.6	3.7943
83.65	3.7902
83.7	3.7861
83.75	3.782
83.8	3.7779
83.85	3.7739
83.9	3.7698
83.95	3.7658
84	3.7617
84.05	3.7577
84.1	3.7536
84.15	3.7496
84.2	3.7456
84.25	3.7416
84.3	3.7375
84.35	3.7335
84.4	3.7295
84.45	3.7255
84.5	3.7216
84.55	3.7176
84.6	3.7136
84.65	3.7096
84.7	3.7057
84.75	3.7017
84.8	3.6977
84.85	3.6938
84.9	3.6899
84.95	3.6859
85	3.682
85.05	3.6781
85.1	3.6742
85.15	3.6702
85.2	3.6663
85.25	3.6624
85.3	3.6585
85.35	3.6547
85.4	3.6508
85.45	3.6469
85.5	3.643
85.55	3.6392
85.6	3.6353
85.65	3.6314
85.7	3.6276
85.75	3.6237
85.8	3.6199
85.85	3.6161
85.9	3.6122
85.95	3.6084
86	3.6046
86.05	3.6008
86.1	3.597
86.15	3.5932
86.2	3.5894
86.25	3.5856
86.3	3.5818
86.35	3.5781
86.4	3.5743
86.45	3.5705
86.5	3.5668
86.55	3.563
86.6	3.5593
86.65	3.5555
86.7	3.5518
86.75	3.548
86.8	3.5443
86.85	3.5406
86.9	3.5369
86.95	3.5332
87	3.5295
87.05	3.5258
87.1	3.5221
87.15	3.5184
87.2	3.5147
87.25	3.511
87.3	3.5074
87.35	3.5037
87.4	3.5
87.45	3.4964
87.5	3.4927
87.55	3.4891
87.6	3.4854
87.65	3.4818
87.7	3.4782
87.75	3.4746
87.8	3.4709
87.85	3.4673
87.9	3.4637
87.95	3.4601
88	3.4565
88.05	3.4529
88.1	3.4493
88.15	3.4458
88.2	3.4422
88.25	3.4386
88.3	3.435
88.35	3.4315
88.4	3.4279
88.45	3.4244
88.5	3.4208
88.55	3.4173
88.6	3.4138
88.65	3.4102
88.7	3.4067
88.75	3.4032
88.8	3.3997
88.85	3.3962
88.9	3.3927
88.95	3.3892
89	3.3857
89.05	3.3822
89.1	3.3787
89.15	3.3752
89.2	3.3718
89.25	3.3683
89.3	3.3648
89.35	3.3614
89.4	3.3579
89.45	3.3545
89.5	3.351
89.55	3.3476
89.6	3.3442
89.65	3.3407
89.7	3.3373
89.75	3.3339
89.8	3.3305
89.85	3.3271
89.9	3.3237
89.95	3.3203
90	3.3169
90.05	3.3135
90.1	3.3101
90.15	3.3067
90.2	3.3034
90.25	3.3
90.3	3.2966
90.35	3.2933
90.4	3.2899
90.45	3.2866
90.5	3.2832
90.55	3.2799
90.6	3.2766
90.65	3.2732
90.7	3.2699
90.75	3.2666
90.8	3.2633
90.85	3.26
90.9	3.2567
90.95	3.2534
91	3.2501
91.05	3.2468
91.1	3.2435
91.15	3.2402
91.2	3.2369
91.25	3.2337
91.3	3.2304
91.35	3.2271
91.4	3.2239
91.45	3.2206
91.5	3.2174
91.55	3.2141
91.6	3.2109
91.65	3.2077
91.7	3.2045
91.75	3.2012
91.8	3.198
91.85	3.1948
91.9	3.1916
91.95	3.1884
92	3.1852
92.05	3.182
92.1	3.1788
92.15	3.1756
92.2	3.1724
92.25	3.1693
92.3	3.1661
92.35	3.1629
92.4	3.1598
92.45	3.1566
92.5	3.1534
92.55	3.1503
92.6	3.1472
92.65	3.144
92.7	3.1409
92.75	3.1378
92.8	3.1346
92.85	3.1315
92.9	3.1284
92.95	3.1253
93	3.1222
93.05	3.1191
93.1	3.116
93.15	3.1129
93.2	3.1098
93.25	3.1067
93.3	3.1036
93.35	3.1005
93.4	3.0975
93.45	3.0944
93.5	3.0913
93.55	3.0883
93.6	3.0852
93.65	3.0822
93.7	3.0791
93.75	3.0761
93.8	3.0731
93.85	3.07
93.9	3.067
93.95	3.064
94	3.061
94.05	3.058
94.1	3.0549
94.15	3.0519
94.2	3.0489
94.25	3.0459
94.3	3.043
94.35	3.04
94.4	3.037
94.45	3.034
94.5	3.031
94.55	3.0281
94.6	3.0251
94.65	3.0221
94.7	3.0192
94.75	3.0162
94.8	3.0133
94.85	3.0103
94.9	3.0074
94.95	3.0045
95	3.0015
95.05	2.9986
95.1	2.9957
95.15	2.9928
95.2	2.9898
95.25	2.9869
95.3	2.984
95.35	2.9811
95.4	2.9782
95.45	2.9753
95.5	2.9724
95.55	2.9696
95.6	2.9667
95.65	2.9638
95.7	2.9609
95.75	2.9581
95.8	2.9552
95.85	2.9523
95.9	2.9495
95.95	2.9466
96	2.9438
96.05	2.9409
96.1	2.9381
96.15	2.9353
96.2	2.9324
96.25	2.9296
96.3	2.9268
96.35	2.924
96.4	2.9212
96.45	2.9183
96.5	2.9155
96.55	2.9127
96.6	2.9099
96.65	2.9071
96.7	2.9043
96.75	2.9016
96.8	2.8988
96.85	2.896
96.9	2.8932
96.95	2.8905
97	2.8877
97.05	2.8849
97.1	2.8822
97.15	2.8794
97.2	2.8767
97.25	2.8739
97.3	2.8712
97.35	2.8684
97.4	2.8657
97.45	2.863
97.5	2.8603
97.55	2.8575
97.6	2.8548
97.65	2.8521
97.7	2.8494
97.75	2.8467
97.8	2.844
97.85	2.8413
97.9	2.8386
97.95	2.8359
98	2.8332
98.05	2.8305
98.1	2.8278
98.15	2.8252
98.2	2.8225
98.25	2.8198
98.3	2.8172
98.35	2.8145
98.4	2.8118
98.45	2.8092
98.5	2.8065
98.55	2.8039
98.6	2.8013
98.65	2.7986
98.7	2.796
98.75	2.7934
98.8	2.7907
98.85	2.7881
98.9	2.7855
98.95	2.7829
99	2.7803
99.05	2.7777
99.1	2.7751
99.15	2.7725
99.2	2.7699
99.25	2.7673
99.3	2.7647
99.35	2.7621
99.4	2.7595
99.45	2.757
99.5	2.7544
99.55	2.7518
99.6	2.7492
99.65	2.7467
99.7	2.7441
99.75	2.7416
99.8	2.739
99.85	2.7365
99.9	2.7339
99.95	2.7314
100	2.7289
100.05	2.7263
100.1	2.7238
100.15	2.7213
100.2	2.7187
100.25	2.7162
100.3	2.7137
100.35	2.7112
100.4	2.7087
100.45	2.7062
100.5	2.7037
100.55	2.7012
100.6	2.6987
100.65	2.6962
100.7	2.6937
100.75	2.6912
100.8	2.6888
100.85	2.6863
100.9	2.6838
100.95	2.6814
101	2.6789
101.05	2.6764
101.1	2.674
101.15	2.6715
101.2	2.6691
101.25	2.6666
101.3	2.6642
101.35	2.6617
101.4	2.6593
101.45	2.6569
101.5	2.6544
101.55	2.652
101.6	2.6496
101.65	2.6472
101.7	2.6448
101.75	2.6424
101.8	2.64
101.85	2.6375
101.9	2.6351
101.95	2.6327
102	2.6304
102.05	2.628
102.1	2.6256
102.15	2.6232
102.2	2.6208
102.25	2.6184
102.3	2.6161
102.35	2.6137
102.4	2.6113
102.45	2.609
102.5	2.6066
102.55	2.6042
102.6	2.6019
102.65	2.5995
102.7	2.5972
102.75	2.5949
102.8	2.5925
102.85	2.5902
102.9	2.5878
102.95	2.5855
103	2.5832
103.05	2.5809
103.1	2.5786
103.15	2.5762
103.2	2.5739
103.25	2.5716
103.3	2.5693
103.35	2.567
103.4	2.5647
103.45	2.5624
103.5	2.5601
103.55	2.5578
103.6	2.5555
103.65	2.5533
103.7	2.551
103.75	2.5487
103.8	2.5464
103.85	2.5442
103.9	2.5419
103.95	2.5396
104	2.5374
104.05	2.5351
104.1	2.5329
104.15	2.5306
104.2	2.5284
104.25	2.5261
104.3	2.5239
104.35	2.5216
104.4	2.5194
104.45	2.5172
104.5	2.5149
104.55	2.5127
104.6	2.5105
104.65	2.5083
104.7	2.5061
104.75	2.5039
104.8	2.5016
104.85	2.4994
104.9	2.4972
104.95	2.495
105	2.4928
105.05	2.4907
105.1	2.4885
105.15	2.4863
105.2	2.4841
105.25	2.4819
105.3	2.4797
105.35	2.4776
105.4	2.4754
105.45	2.4732
105.5	2.4711
105.55	2.4689
105.6	2.4667
105.65	2.4646
105.7	2.4624
105.75	2.4603
105.8	2.4581
105.85	2.456
105.9	2.4539
105.95	2.4517
106	2.4496
106.05	2.4474
106.1	2.4453
106.15	2.4432
106.2	2.4411
106.25	2.439
106.3	2.4368
106.35	2.4347
106.4	2.4326
106.45	2.4305
106.5	2.4284
106.55	2.4263
106.6	2.4242
106.65	2.4221
106.7	2.42
106.75	2.4179
106.8	2.4158
106.85	2.4138
106.9	2.4117
106.95	2.4096
107	2.4075
107.05	2.4055
107.1	2.4034
107.15	2.4013
107.2	2.3993
107.25	2.3972
107.3	2.3952
107.35	2.3931
107.4	2.3911
107.45	2.389
107.5	2.387
107.55	2.3849
107.6	2.3829
107.65	2.3808
107.7	2.3788
107.75	2.3768
107.8	2.3748
107.85	2.3727
107.9	2.3707
107.95	2.3687
108	2.3667
108.05	2.3647
108.1	2.3627
108.15	2.3606
108.2	2.3586
108.25	2.3566
108.3	2.3546
108.35	2.3527
108.4	2.3507
108.45	2.3487
108.5	2.3467
108.55	2.3447
108.6	2.3427
108.65	2.3407
108.7	2.3388
108.75	2.3368
108.8	2.3348
108.85	2.3329
108.9	2.3309
108.95	2.3289
109	2.327
109.05	2.325
109.1	2.3231
109.15	2.3211
109.2	2.3192
109.25	2.3172
109.3	2.3153
109.35	2.3133
109.4	2.3114
109.45	2.3095
109.5	2.3075
109.55	2.3056
109.6	2.3037
109.65	2.3018
109.7	2.2998
109.75	2.2979
109.8	2.296
109.85	2.2941
109.9	2.2922
109.95	2.2903
110	2.2884
110.05	2.2865
110.1	2.2846
110.15	2.2827
110.2	2.2808
110.25	2.2789
110.3	2.277
110.35	2.2751
110.4	2.2733
110.45	2.2714
110.5	2.2695
110.55	2.2676
110.6	2.2658
110.65	2.2639
110.7	2.262
110.75	2.2602
110.8	2.2583
110.85	2.2564
110.9	2.2546
110.95	2.2527
111	2.2509
111.05	2.249
111.1	2.2472
111.15	2.2453
111.2	2.2435
111.25	2.2417
111.3	2.2398
111.35	2.238
111.4	2.2362
111.45	2.2343
111.5	2.2325
111.55	2.2307
111.6	2.2289
111.65	2.2271
111.7	2.2253
111.75	2.2234
111.8	2.2216
111.85	2.2198
111.9	2.218
111.95	2.2162
112	2.2144
112.05	2.2126
112.1	2.2108
112.15	2.2091
112.2	2.2073
112.25	2.2055
112.3	2.2037
112.35	2.2019
112.4	2.2001
112.45	2.1984
112.5	2.1966
112.55	2.1948
112.6	2.1931
112.65	2.1913
112.7	2.1895
112.75	2.1878
112.8	2.186
112.85	2.1843
112.9	2.1825
112.95	2.1808
113	2.179
113.05	2.1773
113.1	2.1755
113.15	2.1738
113.2	2.172
113.25	2.1703
113.3	2.1686
113.35	2.1668
113.4	2.1651
113.45	2.1634
113.5	2.1617
113.55	2.1599
113.6	2.1582
113.65	2.1565
113.7	2.1548
113.75	2.1531
113.8	2.1514
113.85	2.1497
113.9	2.148
113.95	2.1463
114	2.1446
114.05	2.1429
114.1	2.1412
114.15	2.1395
114.2	2.1378
114.25	2.1361
114.3	2.1344
114.35	2.1327
114.4	2.1311
114.45	2.1294
114.5	2.1277
114.55	2.126
114.6	2.1244
114.65	2.1227
114.7	2.121
114.75	2.1194
114.8	2.1177
114.85	2.1161
114.9	2.1144
114.95	2.1128
115	2.1111
115.05	2.1095
115.1	2.1078
115.15	2.1062
115.2	2.1045
115.25	2.1029
115.3	2.1012
115.35	2.0996
115.4	2.098
115.45	2.0963
115.5	2.0947
115.55	2.0931
115.6	2.0915
115.65	2.0898
115.7	2.0882
115.75	2.0866
115.8	2.085
115.85	2.0834
115.9	2.0818
115.95	2.0802
116	2.0786
116.05	2.077
116.1	2.0754
116.15	2.0738
116.2	2.0722
116.25	2.0706
116.3	2.069
116.35	2.0674
116.4	2.0658
116.45	2.0642
116.5	2.0626
116.55	2.0611
116.6	2.0595
116.65	2.0579
116.7	2.0563
116.75	2.0548
116.8	2.0532
116.85	2.0516
116.9	2.0501
116.95	2.0485
117	2.0469
117.05	2.0454
117.1	2.0438
117.15	2.0423
117.2	2.0407
117.25	2.0392
117.3	2.0376
117.35	2.0361
117.4	2.0345
117.45	2.033
117.5	2.0315
117.55	2.0299
117.6	2.0284
117.65	2.0269
117.7	2.0253
117.75	2.0238
117.8	2.0223
117.85	2.0208
117.9	2.0192
117.95	2.0177
118	2.0162
118.05	2.0147
118.1	2.0132
118.15	2.0117
118.2	2.0102
118.25	2.0086
118.3	2.0071
118.35	2.0056
118.4	2.0041
118.45	2.0026
118.5	2.0011
118.55	1.9997
118.6	1.9982
118.65	1.9967
118.7	1.9952
118.75	1.9937
118.8	1.9922
118.85	1.9907
118.9	1.9893
118.95	1.9878
119	1.9863
119.05	1.9848
119.1	1.9834
119.15	1.9819
119.2	1.9804
119.25	1.979
119.3	1.9775
119.35	1.976
119.4	1.9746
119.45	1.9731
119.5	1.9717
119.55	1.9702
119.6	1.9688
119.65	1.9673
119.7	1.9659
119.75	1.9644
119.8	1.963
119.85	1.9616
119.9	1.9601
119.95	1.9587
120	1.9573
120.05	1.9558
120.1	1.9544
120.15	1.953
120.2	1.9515
120.25	1.9501
120.3	1.9487
120.35	1.9473
120.4	1.9459
120.45	1.9444
120.5	1.943
120.55	1.9416
120.6	1.9402
120.65	1.9388
120.7	1.9374
120.75	1.936
120.8	1.9346
120.85	1.9332
120.9	1.9318
120.95	1.9304
121	1.929
121.05	1.9276
121.1	1.9262
121.15	1.9248
121.2	1.9235
121.25	1.9221
121.3	1.9207
121.35	1.9193
121.4	1.9179
121.45	1.9166
121.5	1.9152
121.55	1.9138
121.6	1.9124
121.65	1.9111
121.7	1.9097
121.75	1.9083
121.8	1.907
121.85	1.9056
121.9	1.9043
121.95	1.9029
122	1.9016
122.05	1.9002
122.1	1.8988
122.15	1.8975
122.2	1.8962
122.25	1.8948
122.3	1.8935
122.35	1.8921
122.4	1.8908
122.45	1.8894
122.5	1.8881
122.55	1.8868
122.6	1.8854
122.65	1.8841
122.7	1.8828
122.75	1.8815
122.8	1.8801
122.85	1.8788
122.9	1.8775
122.95	1.8762
123	1.8749
123.05	1.8735
123.1	1.8722
123.15	1.8709
123.2	1.8696
123.25	1.8683
123.3	1.867
123.35	1.8657
123.4	1.8644
123.45	1.8631
123.5	1.8618
123.55	1.8605
123.6	1.8592
123.65	1.8579
123.7	1.8566
123.75	1.8553
123.8	1.854
123.85	1.8527
123.9	1.8515
123.95	1.8502
124	1.8489
124.05	1.8476
124.1	1.8463
124.15	1.8451
124.2	1.8438
124.25	1.8425
124.3	1.8413
124.35	1.84
124.4	1.8387
124.45	1.8375
124.5	1.8362
124.55	1.8349
124.6	1.8337
124.65	1.8324
124.7	1.8312
124.75	1.8299
124.8	1.8287
124.85	1.8274
124.9	1.8262
124.95	1.8249
125	1.8237
125.05	1.8224
125.1	1.8212
125.15	1.8199
125.2	1.8187
125.25	1.8175
125.3	1.8162
125.35	1.815
125.4	1.8138
125.45	1.8125
125.5	1.8113
125.55	1.8101
125.6	1.8089
125.65	1.8076
125.7	1.8064
125.75	1.8052
125.8	1.804
125.85	1.8028
125.9	1.8015
125.95	1.8003
126	1.7991
126.05	1.7979
126.1	1.7967
126.15	1.7955
126.2	1.7943
126.25	1.7931
126.3	1.7919
126.35	1.7907
126.4	1.7895
126.45	1.7883
126.5	1.7871
126.55	1.7859
126.6	1.7847
126.65	1.7835
126.7	1.7824
126.75	1.7812
126.8	1.78
126.85	1.7788
126.9	1.7776
126.95	1.7764
127	1.7753
127.05	1.7741
127.1	1.7729
127.15	1.7717
127.2	1.7706
127.25	1.7694
127.3	1.7682
127.35	1.7671
127.4	1.7659
127.45	1.7647
127.5	1.7636
127.55	1.7624
127.6	1.7613
127.65	1.7601
127.7	1.759
127.75	1.7578
127.8	1.7567
127.85	1.7555
127.9	1.7544
127.95	1.7532
128	1.7521
128.05	1.7509
128.1	1.7498
128.15	1.7486
128.2	1.7475
128.25	1.7464
128.3	1.7452
128.35	1.7441
128.4	1.743
128.45	1.7418
128.5	1.7407
128.55	1.7396
128.6	1.7385
128.65	1.7373
128.7	1.7362
128.75	1.7351
128.8	1.734
128.85	1.7328
128.9	1.7317
128.95	1.7306
129	1.7295
129.05	1.7284
129.1	1.7273
129.15	1.7262
129.2	1.7251
129.25	1.724
129.3	1.7229
129.35	1.7218
129.4	1.7207
129.45	1.7196
129.5	1.7185
129.55	1.7174
129.6	1.7163
129.65	1.7152
129.7	1.7141
129.75	1.713
129.8	1.7119
129.85	1.7108
129.9	1.7097
129.95	1.7087
130	1.7076
130.05	1.7065
130.1	1.7054
130.15	1.7043
130.2	1.7033
130.25	1.7022
130.3	1.7011
130.35	1.7
130.4	1.699
130.45	1.6979
130.5	1.6968
130.55	1.6958
130.6	1.6947
130.65	1.6936
130.7	1.6926
130.75	1.6915
130.8	1.6905
130.85	1.6894
130.9	1.6883
130.95	1.6873
131	1.6862
131.05	1.6852
131.1	1.6841
131.15	1.6831
131.2	1.682
131.25	1.681
131.3	1.68
131.35	1.6789
131.4	1.6779
131.45	1.6768
131.5	1.6758
131.55	1.6748
131.6	1.6737
131.65	1.6727
131.7	1.6717
131.75	1.6706
131.8	1.6696
131.85	1.6686
131.9	1.6675
131.95	1.6665
132	1.6655
132.05	1.6645
132.1	1.6635
132.15	1.6624
132.2	1.6614
132.25	1.6604
132.3	1.6594
132.35	1.6584
132.4	1.6574
132.45	1.6563
132.5	1.6553
132.55	1.6543
132.6	1.6533
132.65	1.6523
132.7	1.6513
132.75	1.6503
132.8	1.6493
132.85	1.6483
132.9	1.6473
132.95	1.6463
133	1.6453
133.05	1.6443
133.1	1.6433
133.15	1.6423
133.2	1.6414
133.25	1.6404
133.3	1.6394
133.35	1.6384
133.4	1.6374
133.45	1.6364
133.5	1.6354
133.55	1.6345
133.6	1.6335
133.65	1.6325
133.7	1.6315
133.75	1.6306
133.8	1.6296
133.85	1.6286
133.9	1.6276
133.95	1.6267
134	1.6257
134.05	1.6247
134.1	1.6238
134.15	1.6228
134.2	1.6218
134.25	1.6209
134.3	1.6199
134.35	1.619
134.4	1.618
134.45	1.617
134.5	1.6161
134.55	1.6151
134.6	1.6142
134.65	1.6132
134.7	1.6123
134.75	1.6113
134.8	1.6104
134.85	1.6094
134.9	1.6085
134.95	1.6076
135	1.6066
135.05	1.6057
135.1	1.6047
135.15	1.6038
135.2	1.6029
135.25	1.6019
135.3	1.601
135.35	1.6001
135.4	1.5991
135.45	1.5982
135.5	1.5973
135.55	1.5964
135.6	1.5954
135.65	1.5945
135.7	1.5936
135.75	1.5927
135.8	1.5917
135.85	1.5908
135.9	1.5899
135.95	1.589
136	1.5881
136.05	1.5872
136.1	1.5862
136.15	1.5853
136.2	1.5844
136.25	1.5835
136.3	1.5826
136.35	1.5817
136.4	1.5808
136.45	1.5799
136.5	1.579
136.55	1.5781
136.6	1.5772
136.65	1.5763
136.7	1.5754
136.75	1.5745
136.8	1.5736
136.85	1.5727
136.9	1.5718
136.95	1.5709
137	1.57
137.05	1.5691
137.1	1.5682
137.15	1.5674
137.2	1.5665
137.25	1.5656
137.3	1.5647
137.35	1.5638
137.4	1.5629
137.45	1.5621
137.5	1.5612
137.55	1.5603
137.6	1.5594
137.65	1.5586
137.7	1.5577
137.75	1.5568
137.8	1.5559
137.85	1.5551
137.9	1.5542
137.95	1.5533
138	1.5525
138.05	1.5516
138.1	1.5507
138.15	1.5499
138.2	1.549
138.25	1.5482
138.3	1.5473
138.35	1.5464
138.4	1.5456
138.45	1.5447
138.5	1.5439
138.55	1.543
138.6	1.5422
138.65	1.5413
138.7	1.5405
138.75	1.5396
138.8	1.5388
138.85	1.5379
138.9	1.5371
138.95	1.5362
139	1.5354
139.05	1.5346
139.1	1.5337
139.15	1.5329
139.2	1.532
139.25	1.5312
139.3	1.5304
139.35	1.5295
139.4	1.5287
139.45	1.5279
139.5	1.527
139.55	1.5262
139.6	1.5254
139.65	1.5246
139.7	1.5237
139.75	1.5229
139.8	1.5221
139.85	1.5213
139.9	1.5204
139.95	1.5196
140	1.5188
140.05	1.518
140.1	1.5172
140.15	1.5163
140.2	1.5155
140.25	1.5147
140.3	1.5139
140.35	1.5131
140.4	1.5123
140.45	1.5115
140.5	1.5107
140.55	1.5099
140.6	1.509
140.65	1.5082
140.7	1.5074
140.75	1.5066
140.8	1.5058
140.85	1.505
140.9	1.5042
140.95	1.5034
141	1.5026
141.05	1.5018
141.1	1.5011
141.15	1.5003
141.2	1.4995
141.25	1.4987
141.3	1.4979
141.35	1.4971
141.4	1.4963
141.45	1.4955
141.5	1.4947
141.55	1.4939
141.6	1.4932
141.65	1.4924
141.7	1.4916
141.75	1.4908
141.8	1.49
141.85	1.4893
141.9	1.4885
141.95	1.4877
142	1.4869
142.05	1.4862
142.1	1.4854
142.15	1.4846
142.2	1.4838
142.25	1.4831
142.3	1.4823
142.35	1.4815
142.4	1.4808
142.45	1.48
142.5	1.4792
142.55	1.4785
142.6	1.4777
142.65	1.477
142.7	1.4762
142.75	1.4754
142.8	1.4747
142.85	1.4739
142.9	1.4732
142.95	1.4724
143	1.4717
143.05	1.4709
143.1	1.4701
143.15	1.4694
143.2	1.4686
143.25	1.4679
143.3	1.4672
143.35	1.4664
143.4	1.4657
143.45	1.4649
143.5	1.4642
143.55	1.4634
143.6	1.4627
143.65	1.4619
143.7	1.4612
143.75	1.4605
143.8	1.4597
143.85	1.459
143.9	1.4583
143.95	1.4575
144	1.4568
144.05	1.4561
144.1	1.4553
144.15	1.4546
144.2	1.4539
144.25	1.4531
144.3	1.4524
144.35	1.4517
144.4	1.451
144.45	1.4502
144.5	1.4495
144.55	1.4488
144.6	1.4481
144.65	1.4473
144.7	1.4466
144.75	1.4459
144.8	1.4452
144.85	1.4445
144.9	1.4438
144.95	1.443
145	1.4423
145.05	1.4416
145.1	1.4409
145.15	1.4402
145.2	1.4395
145.25	1.4388
145.3	1.4381
145.35	1.4374
145.4	1.4367
145.45	1.436
145.5	1.4353
145.55	1.4346
145.6	1.4338
145.65	1.4331
145.7	1.4324
145.75	1.4317
145.8	1.4311
145.85	1.4304
145.9	1.4297
145.95	1.429
146	1.4283
146.05	1.4276
146.1	1.4269
146.15	1.4262
146.2	1.4255
146.25	1.4248
146.3	1.4241
146.35	1.4234
146.4	1.4228
146.45	1.4221
146.5	1.4214
146.55	1.4207
146.6	1.42
146.65	1.4193
146.7	1.4187
146.75	1.418
146.8	1.4173
146.85	1.4166
146.9	1.4159
146.95	1.4153
147	1.4146
147.05	1.4139
147.1	1.4132
147.15	1.4126
147.2	1.4119
147.25	1.4112
147.3	1.4106
147.35	1.4099
147.4	1.4092
147.45	1.4086
147.5	1.4079
147.55	1.4072
147.6	1.4066
147.65	1.4059
147.7	1.4052
147.75	1.4046
147.8	1.4039
147.85	1.4033
147.9	1.4026
147.95	1.4019
148	1.4013
148.05	1.4006
148.1	1.4
148.15	1.3993
148.2	1.3987
148.25	1.398
148.3	1.3974
148.35	1.3967
148.4	1.3961
148.45	1.3954
148.5	1.3948
148.55	1.3941
148.6	1.3935
148.65	1.3928
148.7	1.3922
148.75	1.3915
148.8	1.3909
148.85	1.3903
148.9	1.3896
148.95	1.389
149	1.3883
149.05	1.3877
149.1	1.3871
149.15	1.3864
149.2	1.3858
149.25	1.3852
149.3	1.3845
149.35	1.3839
149.4	1.3833
149.45	1.3826
149.5	1.382
149.55	1.3814
149.6	1.3807
149.65	1.3801
149.7	1.3795
149.75	1.3789
149.8	1.3782
149.85	1.3776
149.9	1.377
149.95	1.3764
150	1.3757
150.05	1.3751
150.1	1.3745
150.15	1.3739
150.2	1.3733
150.25	1.3726
150.3	1.372
150.35	1.3714
150.4	1.3708
150.45	1.3702
150.5	1.3696
150.55	1.369
150.6	1.3683
150.65	1.3677
150.7	1.3671
150.75	1.3665
150.8	1.3659
150.85	1.3653
150.9	1.3647
150.95	1.3641
151	1.3635
151.05	1.3629
151.1	1.3623
151.15	1.3617
151.2	1.3611
151.25	1.3605
151.3	1.3599
151.35	1.3593
151.4	1.3587
151.45	1.3581
151.5	1.3575
151.55	1.3569
151.6	1.3563
151.65	1.3557
151.7	1.3551
151.75	1.3545
151.8	1.3539
151.85	1.3533
151.9	1.3527
151.95	1.3522
152	1.3516
152.05	1.351
152.1	1.3504
152.15	1.3498
152.2	1.3492
152.25	1.3486
152.3	1.3481
152.35	1.3475
152.4	1.3469
152.45	1.3463
152.5	1.3457
152.55	1.3451
152.6	1.3446
152.65	1.344
152.7	1.3434
152.75	1.3428
152.8	1.3423
152.85	1.3417
152.9	1.3411
152.95	1.3405
153	1.34
153.05	1.3394
153.1	1.3388
153.15	1.3383
153.2	1.3377
153.25	1.3371
153.3	1.3366
153.35	1.336
153.4	1.3354
153.45	1.3349
153.5	1.3343
153.55	1.3337
153.6	1.3332
153.65	1.3326
153.7	1.332
153.75	1.3315
153.8	1.3309
153.85	1.3304
153.9	1.3298
153.95	1.3292
154	1.3287
154.05	1.3281
154.1	1.3276
154.15	1.327
154.2	1.3265
154.25	1.3259
154.3	1.3254
154.35	1.3248
154.4	1.3243
154.45	1.3237
154.5	1.3232
154.55	1.3226
154.6	1.3221
154.65	1.3215
154.7	1.321
154.75	1.3204
154.8	1.3199
154.85	1.3193
154.9	1.3188
154.95	1.3183
155	1.3177
155.05	1.3172
155.1	1.3166
155.15	1.3161
155.2	1.3156
155.25	1.315
155.3	1.3145
155.35	1.3139
155.4	1.3134
155.45	1.3129
155.5	1.3123
155.55	1.3118
155.6	1.3113
155.65	1.3107
155.7	1.3102
155.75	1.3097
155.8	1.3091
155.85	1.3086
155.9	1.3081
155.95	1.3076
156	1.307
156.05	1.3065
156.1	1.306
156.15	1.3055
156.2	1.3049
156.25	1.3044
156.3	1.3039
156.35	1.3034
156.4	1.3028
156.45	1.3023
156.5	1.3018
156.55	1.3013
156.6	1.3008
156.65	1.3002
156.7	1.2997
156.75	1.2992
156.8	1.2987
156.85	1.2982
156.9	1.2977
156.95	1.2972
157	1.2966
157.05	1.2961
157.1	1.2956
157.15	1.2951
157.2	1.2946
157.25	1.2941
157.3	1.2936
157.35	1.2931
157.4	1.2926
157.45	1.2921
157.5	1.2915
157.55	1.291
157.6	1.2905
157.65	1.29
157.7	1.2895
157.75	1.289
157.8	1.2885
157.85	1.288
157.9	1.2875
157.95	1.287
158	1.2865
158.05	1.286
158.1	1.2855
158.15	1.285
158.2	1.2845
158.25	1.284
158.3	1.2835
158.35	1.2831
158.4	1.2826
158.45	1.2821
158.5	1.2816
158.55	1.2811
158.6	1.2806
158.65	1.2801
158.7	1.2796
158.75	1.2791
158.8	1.2786
158.85	1.2781
158.9	1.2777
158.95	1.2772
159	1.2767
159.05	1.2762
159.1	1.2757
159.15	1.2752
159.2	1.2748
159.25	1.2743
159.3	1.2738
159.35	1.2733
159.4	1.2728
159.45	1.2724
159.5	1.2719
159.55	1.2714
159.6	1.2709
159.65	1.2704
159.7	1.27
159.75	1.2695
159.8	1.269
159.85	1.2685
159.9	1.2681
159.95	1.2676
160	1.2671
160.05	1.2666
160.1	1.2662
160.15	1.2657
160.2	1.2652
160.25	1.2648
160.3	1.2643
160.35	1.2638
160.4	1.2634
160.45	1.2629
160.5	1.2624
160.55	1.262
160.6	1.2615
160.65	1.261
160.7	1.2606
160.75	1.2601
160.8	1.2596
160.85	1.2592
160.9	1.2587
160.95	1.2583
161	1.2578
161.05	1.2573
161.1	1.2569
161.15	1.2564
161.2	1.256
161.25	1.2555
161.3	1.2551
161.35	1.2546
161.4	1.2542
161.45	1.2537
161.5	1.2532
161.55	1.2528
161.6	1.2523
161.65	1.2519
161.7	1.2514
161.75	1.251
161.8	1.2505
161.85	1.2501
161.9	1.2496
161.95	1.2492
162	1.2487
162.05	1.2483
162.1	1.2479
162.15	1.2474
162.2	1.247
162.25	1.2465
162.3	1.2461
162.35	1.2456
162.4	1.2452
162.45	1.2447
162.5	1.2443
162.55	1.2439
162.6	1.2434
162.65	1.243
162.7	1.2425
162.75	1.2421
162.8	1.2417
162.85	1.2412
162.9	1.2408
162.95	1.2404
163	1.2399
163.05	1.2395
163.1	1.2391
163.15	1.2386
163.2	1.2382
163.25	1.2378
163.3	1.2373
163.35	1.2369
163.4	1.2365
163.45	1.236
163.5	1.2356
163.55	1.2352
163.6	1.2347
163.65	1.2343
163.7	1.2339
163.75	1.2335
163.8	1.233
163.85	1.2326
163.9	1.2322
163.95	1.2318
164	1.2313
164.05	1.2309
164.1	1.2305
164.15	1.2301
164.2	1.2297
164.25	1.2292
164.3	1.2288
164.35	1.2284
164.4	1.228
164.45	1.2276
164.5	1.2271
164.55	1.2267
164.6	1.2263
164.65	1.2259
164.7	1.2255
164.75	1.2251
164.8	1.2246
164.85	1.2242
164.9	1.2238
164.95	1.2234
165	1.223
165.05	1.2226
165.1	1.2222
165.15	1.2218
165.2	1.2214
165.25	1.2209
165.3	1.2205
165.35	1.2201
165.4	1.2197
165.45	1.2193
165.5	1.2189
165.55	1.2185
165.6	1.2181
165.65	1.2177
165.7	1.2173
165.75	1.2169
165.8	1.2165
165.85	1.2161
165.9	1.2157
165.95	1.2153
166	1.2149
166.05	1.2145
166.1	1.2141
166.15	1.2137
166.2	1.2133
166.25	1.2129
166.3	1.2125
166.35	1.2121
166.4	1.2117
166.45	1.2113
166.5	1.2109
166.55	1.2105
166.6	1.2101
166.65	1.2097
166.7	1.2093
166.75	1.2089
166.8	1.2085
166.85	1.2081
166.9	1.2077
166.95	1.2074
167	1.207
167.05	1.2066
167.1	1.2062
167.15	1.2058
167.2	1.2054
167.25	1.205
167.3	1.2046
167.35	1.2042
167.4	1.2039
167.45	1.2035
167.5	1.2031
167.55	1.2027
167.6	1.2023
167.65	1.2019
167.7	1.2016
167.75	1.2012
167.8	1.2008
167.85	1.2004
167.9	1.2
167.95	1.1996
168	1.1993
168.05	1.1989
168.1	1.1985
168.15	1.1981
168.2	1.1978
168.25	1.1974
168.3	1.197
168.35	1.1966
168.4	1.1962
168.45	1.1959
168.5	1.1955
168.55	1.1951
168.6	1.1948
168.65	1.1944
168.7	1.194
168.75	1.1936
168.8	1.1933
168.85	1.1929
168.9	1.1925
168.95	1.1922
169	1.1918
169.05	1.1914
169.1	1.191
169.15	1.1907
169.2	1.1903
169.25	1.1899
169.3	1.1896
169.35	1.1892
169.4	1.1888
169.45	1.1885
169.5	1.1881
169.55	1.1877
169.6	1.1874
169.65	1.187
169.7	1.1867
169.75	1.1863
169.8	1.1859
169.85	1.1856
169.9	1.1852
169.95	1.1849
170	1.1845
170.05	1.1841
170.1	1.1838
170.15	1.1834
170.2	1.1831
170.25	1.1827
170.3	1.1823
170.35	1.182
170.4	1.1816
170.45	1.1813
170.5	1.1809
170.55	1.1806
170.6	1.1802
170.65	1.1799
170.7	1.1795
170.75	1.1792
170.8	1.1788
170.85	1.1785
170.9	1.1781
170.95	1.1778
171	1.1774
171.05	1.1771
171.1	1.1767
171.15	1.1764
171.2	1.176
171.25	1.1757
171.3	1.1753
171.35	1.175
171.4	1.1746
171.45	1.1743
171.5	1.1739
171.55	1.1736
171.6	1.1732
171.65	1.1729
171.7	1.1726
171.75	1.1722
171.8	1.1719
171.85	1.1715
171.9	1.1712
171.95	1.1708
172	1.1705
172.05	1.1702
172.1	1.1698
172.15	1.1695
172.2	1.1691
172.25	1.1688
172.3	1.1685
172.35	1.1681
172.4	1.1678
172.45	1.1675
172.5	1.1671
172.55	1.1668
172.6	1.1665
172.65	1.1661
172.7	1.1658
172.75	1.1654
172.8	1.1651
172.85	1.1648
172.9	1.1644
172.95	1.1641
173	1.1638
173.05	1.1635
173.1	1.1631
173.15	1.1628
173.2	1.1625
173.25	1.1621
173.3	1.1618
173.35	1.1615
173.4	1.1612
173.45	1.1608
173.5	1.1605
173.55	1.1602
173.6	1.1598
173.65	1.1595
173.7	1.1592
173.75	1.1589
173.8	1.1585
173.85	1.1582
173.9	1.1579
173.95	1.1576
174	1.1573
174.05	1.1569
174.1	1.1566
174.15	1.1563
174.2	1.156
174.25	1.1556
174.3	1.1553
174.35	1.155
174.4	1.1547
174.45	1.1544
174.5	1.154
174.55	1.1537
174.6	1.1534
174.65	1.1531
174.7	1.1528
174.75	1.1525
174.8	1.1521
174.85	1.1518
174.9	1.1515
174.95	1.1512
175	1.1509
175.05	1.1506
175.1	1.1503
175.15	1.1499
175.2	1.1496
175.25	1.1493
175.3	1.149
175.35	1.1487
175.4	1.1484
175.45	1.1481
175.5	1.1478
175.55	1.1475
175.6	1.1472
175.65	1.1468
175.7	1.1465
175.75	1.1462
175.8	1.1459
175.85	1.1456
175.9	1.1453
175.95	1.145
176	1.1447
176.05	1.1444
176.1	1.1441
176.15	1.1438
176.2	1.1435
176.25	1.1432
176.3	1.1429
176.35	1.1426
176.4	1.1423
176.45	1.142
176.5	1.1417
176.55	1.1414
176.6	1.1411
176.65	1.1408
176.7	1.1405
176.75	1.1402
176.8	1.1399
176.85	1.1396
176.9	1.1393
176.95	1.139
177	1.1387
177.05	1.1384
177.1	1.1381
177.15	1.1378
177.2	1.1375
177.25	1.1372
177.3	1.1369
177.35	1.1366
177.4	1.1363
177.45	1.136
177.5	1.1357
177.55	1.1354
177.6	1.1351
177.65	1.1348
177.7	1.1346
177.75	1.1343
177.8	1.134
177.85	1.1337
177.9	1.1334
177.95	1.1331
178	1.1328
178.05	1.1325
178.1	1.1322
178.15	1.1319
178.2	1.1317
178.25	1.1314
178.3	1.1311
178.35	1.1308
178.4	1.1305
178.45	1.1302
178.5	1.1299
178.55	1.1296
178.6	1.1294
178.65	1.1291
178.7	1.1288
178.75	1.1285
178.8	1.1282
178.85	1.1279
178.9	1.1277
178.95	1.1274
179	1.1271
179.05	1.1268
179.1	1.1265
179.15	1.1263
179.2	1.126
179.25	1.1257
179.3	1.1254
179.35	1.1251
179.4	1.1249
179.45	1.1246
179.5	1.1243
179.55	1.124
179.6	1.1237
179.65	1.1235
179.7	1.1232
179.75	1.1229
179.8	1.1226
179.85	1.1224
179.9	1.1221
179.95	1.1218
180	1.1215
180.05	1.1213
180.1	1.121
180.15	1.1207
180.2	1.1205
180.25	1.1202
180.3	1.1199
180.35	1.1196
180.4	1.1194
180.45	1.1191
180.5	1.1188
180.55	1.1186
180.6	1.1183
180.65	1.118
180.7	1.1177
180.75	1.1175
180.8	1.1172
180.85	1.1169
180.9	1.1167
180.95	1.1164
181	1.1161
181.05	1.1159
181.1	1.1156
181.15	1.1153
181.2	1.1151
181.25	1.1148
181.3	1.1145
181.35	1.1143
181.4	1.114
181.45	1.1138
181.5	1.1135
181.55	1.1132
181.6	1.113
181.65	1.1127
181.7	1.1124
181.75	1.1122
181.8	1.1119
181.85	1.1117
181.9	1.1114
181.95	1.1111
182	1.1109
182.05	1.1106
182.1	1.1104
182.15	1.1101
182.2	1.1098
182.25	1.1096
182.3	1.1093
182.35	1.1091
182.4	1.1088
182.45	1.1086
182.5	1.1083
182.55	1.108
182.6	1.1078
182.65	1.1075
182.7	1.1073
182.75	1.107
182.8	1.1068
182.85	1.1065
182.9	1.1063
182.95	1.106
183	1.1058
183.05	1.1055
183.1	1.1052
183.15	1.105
183.2	1.1047
183.25	1.1045
183.3	1.1042
183.35	1.104
183.4	1.1037
183.45	1.1035
183.5	1.1032
183.55	1.103
183.6	1.1027
183.65	1.1025
183.7	1.1022
183.75	1.102
183.8	1.1018
183.85	1.1015
183.9	1.1013
183.95	1.101
184	1.1008
184.05	1.1005
184.1	1.1003
184.15	1.1
184.2	1.0998
184.25	1.0995
184.3	1.0993
184.35	1.0991
184.4	1.0988
184.45	1.0986
184.5	1.0983
184.55	1.0981
184.6	1.0978
184.65	1.0976
184.7	1.0974
184.75	1.0971
184.8	1.0969
184.85	1.0966
184.9	1.0964
184.95	1.0962
185	1.0959
185.05	1.0957
185.1	1.0954
185.15	1.0952
185.2	1.095
185.25	1.0947
185.3	1.0945
185.35	1.0942
185.4	1.094
185.45	1.0938
185.5	1.0935
185.55	1.0933
185.6	1.0931
185.65	1.0928
185.7	1.0926
185.75	1.0924
185.8	1.0921
185.85	1.0919
185.9	1.0917
185.95	1.0914
186	1.0912
186.05	1.091
186.1	1.0907
186.15	1.0905
186.2	1.0903
186.25	1.09
186.3	1.0898
186.35	1.0896
186.4	1.0893
186.45	1.0891
186.5	1.0889
186.55	1.0886
186.6	1.0884
186.65	1.0882
186.7	1.088
186.75	1.0877
186.8	1.0875
186.85	1.0873
186.9	1.087
186.95	1.0868
187	1.0866
187.05	1.0864
187.1	1.0861
187.15	1.0859
187.2	1.0857
187.25	1.0855
187.3	1.0852
187.35	1.085
187.4	1.0848
187.45	1.0846
187.5	1.0843
187.55	1.0841
187.6	1.0839
187.65	1.0837
187.7	1.0834
187.75	1.0832
187.8	1.083
187.85	1.0828
187.9	1.0826
187.95	1.0823
188	1.0821
188.05	1.0819
188.1	1.0817
188.15	1.0815
188.2	1.0812
188.25	1.081
188.3	1.0808
188.35	1.0806
188.4	1.0804
188.45	1.0801
188.5	1.0799
188.55	1.0797
188.6	1.0795
188.65	1.0793
188.7	1.0791
188.75	1.0788
188.8	1.0786
188.85	1.0784
188.9	1.0782
188.95	1.078
189	1.0778
189.05	1.0775
189.1	1.0773
189.15	1.0771
189.2	1.0769
189.25	1.0767
189.3	1.0765
189.35	1.0763
189.4	1.076
189.45	1.0758
189.5	1.0756
189.55	1.0754
189.6	1.0752
189.65	1.075
189.7	1.0748
189.75	1.0746
189.8	1.0744
189.85	1.0741
189.9	1.0739
189.95	1.0737
190	1.0735
190.05	1.0733
190.1	1.0731
190.15	1.0729
190.2	1.0727
190.25	1.0725
190.3	1.0723
190.35	1.0721
190.4	1.0719
190.45	1.0716
190.5	1.0714
190.55	1.0712
190.6	1.071
190.65	1.0708
190.7	1.0706
190.75	1.0704
190.8	1.0702
190.85	1.07
190.9	1.0698
190.95	1.0696
191	1.0694
191.05	1.0692
191.1	1.069
191.15	1.0688
191.2	1.0686
191.25	1.0684
191.3	1.0682
191.35	1.068
191.4	1.0678
191.45	1.0676
191.5	1.0674
191.55	1.0672
191.6	1.067
191.65	1.0668
191.7	1.0666
191.75	1.0664
191.8	1.0662
191.85	1.066
191.9	1.0658
191.95	1.0656
192	1.0654
192.05	1.0652
192.1	1.065
192.15	1.0648
192.2	1.0646
192.25	1.0644
192.3	1.0642
192.35	1.064
192.4	1.0638
192.45	1.0636
