-5.65	-0.4541
-5.6	-0.3633
-5.55	-0.2656
-5.5	-0.156
-5.45	-0.0601
-5.4	0.0238
-5.35	0.0478
-5.3	0.0341
-5.25	-0.0156
-5.2	-0.0327
-5.15	-0.0241
-5.1	-0.0447
-5.05	-0.0721
-5	-0.0669
-4.95	-0.0567
-4.9	-0.0258
-4.85	0.005
-4.8	0.0307
-4.75	0.0718
-4.7	0.1318
-4.65	0.154
-4.6	0.1677
-4.55	0.2003
-4.5	0.202
-4.45	0.1849
-4.4	0.1335
-4.35	0.0375
-4.3	-0.0447
-4.25	-0.1012
-4.2	-0.1543
-4.15	-0.1937
-4.1	-0.2639
-4.05	-0.2999
-4	-0.3256
-3.95	-0.3153
-3.9	-0.2999
-3.85	-0.2776
-3.8	-0.2519
-3.75	-0.2074
-3.7	-0.144
-3.65	-0.0567
-3.6	-0.0001
-3.55	0.1009
-3.5	0.178
-3.45	0.2756
-3.4	0.3819
-3.35	0.4658
-3.3	0.5257
-3.25	0.584
-3.2	0.6371
-3.15	0.6765
-3.1	0.6456
-3.05	0.6097
-3	0.512
-2.95	0.3887
-2.9	0.2482
-2.85	0.0975
-2.8	-0.0275
-2.75	-0.1372
-2.7	-0.2074
-2.65	-0.2828
-2.6	-0.3427
-2.55	-0.3753
-2.5	-0.3787
-2.45	-0.3393
-2.4	-0.3033
-2.35	-0.2211
-2.3	-0.1612
-2.25	-0.1149
-2.2	-0.0772
-2.15	-0.0498
-2.1	-0.0121
-2.05	0.0153
-2	0.0307
-1.95	0.053
-1.9	0.0581
-1.85	0.0341
-1.8	0.0667
-1.75	0.0667
-1.7	0.041
-1.65	-0.031
-1.6	-0.0858
-1.55	-0.1046
-1.5	-0.1423
-1.45	-0.1766
-1.4	-0.1937
-1.35	-0.1954
-1.3	-0.1937
-1.25	-0.1817
-1.2	-0.192
-1.15	-0.2057
-1.1	-0.2177
-1.05	-0.1954
-1	-0.2057
-0.95	-0.2091
-0.9	-0.1868
-0.85	-0.1355
-0.8	-0.12
-0.75	-0.0652
-0.7	-0.0018
-0.65	0.0444
-0.6	0.1266
-0.55	0.1814
-0.5	0.2243
-0.45	0.2465
-0.4	0.2482
-0.35	0.2328
-0.3	0.2328
-0.25	0.2123
-0.2	0.1506
-0.15	0.0872
-0.1	0.0547
-0.05	-0.0207
0	-0.0995
0.05	-0.1988
0.1	-0.3102
0.15	-0.365
0.2	-0.3993
0.25	-0.3993
0.3	-0.3599
0.35	-0.3273
0.4	-0.2622
0.45	-0.1817
0.5	-0.0601
0.55	0.1112
0.6	0.2705
0.65	0.4384
0.7	0.5788
0.75	0.6611
0.8	0.709
0.85	0.7775
0.9	0.8974
0.95	1.1595
1	1.5946
1.05	2.2712
1.1	3.2853
1.15	4.5871
1.2	6.3035
1.25	8.3865
1.3	10.7863
1.35	13.4517
1.4	16.3603
1.45	19.423
1.5	22.4703
1.55	25.4303
1.6	28.1779
1.65	30.6565
1.7	32.7857
1.75	34.6408
1.8	36.1825
1.85	37.4586
1.9	38.5155
1.95	39.3497
2	40.0486
2.05	40.6841
2.1	41.2974
2.15	41.9706
2.2	42.6763
2.25	43.4711
2.3	44.3499
2.35	45.2046
2.4	46.0474
2.45	46.8096
2.5	47.4332
2.55	47.9128
2.6	48.2057
2.65	48.1988
2.7	47.9282
2.75	47.4623
2.8	46.7017
2.85	45.7271
2.9	44.6308
2.95	43.3683
3	41.9397
3.05	40.4203
3.1	38.817
3.15	37.1931
3.2	35.6121
3.25	34.1372
3.3	32.6932
3.35	31.4565
3.4	30.4064
3.45	29.514
3.5	28.7791
3.55	28.2789
3.6	27.9877
3.65	27.8987
3.7	28.0152
3.75	28.3046
3.8	28.75
3.85	29.3444
3.9	30.0707
3.95	30.9272
4	31.8899
4.05	32.921
4.1	33.9403
4.15	34.9543
4.2	35.9701
4.25	36.9448
4.3	37.8167
4.35	38.6663
4.4	39.4131
4.45	40.0777
4.5	40.6567
4.55	41.1415
4.6	41.5132
4.65	41.7787
4.7	41.9414
4.75	41.9877
4.8	41.974
4.85	41.8558
4.9	41.6006
4.95	41.2271
5	40.7903
5.05	40.2182
5.1	39.5176
5.15	38.7125
5.2	37.7499
5.25	36.645
5.3	35.4288
5.35	34.1698
5.4	32.8748
5.45	31.5593
5.5	30.2557
5.55	29.0361
5.6	27.9209
5.65	26.8949
5.7	26.0007
5.75	25.2179
5.8	24.5533
5.85	24.1593
5.9	23.9777
5.95	24.036
6	24.346
6.05	24.8513
6.1	25.5417
6.15	26.4187
6.2	27.4978
6.25	28.6575
6.3	29.8908
6.35	31.2081
6.4	32.5254
6.45	33.7707
6.5	34.8978
6.55	35.9547
6.6	36.955
6.65	37.8543
6.7	38.6166
6.75	39.2658
6.8	39.778
6.85	40.1737
6.9	40.4066
6.95	40.4563
7	40.3381
7.05	40.112
7.1	39.6649
7.15	39.0791
7.2	38.3528
7.25	37.4569
7.3	36.3778
7.35	35.1839
7.4	33.9454
7.45	32.599
7.5	31.2355
7.55	29.9131
7.6	28.6301
7.65	27.4105
7.7	26.2697
7.75	25.2402
7.8	24.3563
7.85	23.5838
7.9	22.9431
7.95	22.4806
8	22.1363
8.05	21.953
8.1	21.9291
8.15	22.0627
8.2	22.3093
8.25	22.7684
8.3	23.3405
8.35	24.0257
8.4	24.8376
8.45	25.7866
8.5	26.8743
8.55	28.0134
8.6	29.2348
8.65	30.5006
8.7	31.7014
8.75	32.844
8.8	33.9077
8.85	34.8755
8.9	35.7303
8.95	36.496
9	37.1058
9.05	37.5512
9.1	37.8389
9.15	37.8955
9.2	37.7447
9.25	37.3953
9.3	36.8694
9.35	36.1962
9.4	35.3397
9.45	34.3633
9.5	33.3013
9.55	32.2067
9.6	31.0231
9.65	29.7726
9.7	28.5119
9.75	27.2786
9.8	26.0521
9.85	24.8839
9.9	23.7807
9.95	22.7941
10	21.9342
10.05	21.1736
10.1	20.5398
10.15	20.0945
10.2	19.7947
10.25	19.6765
10.3	19.6834
10.35	19.8564
10.4	20.2058
10.45	20.7334
10.5	21.398
10.55	22.1946
10.6	23.1041
10.65	24.1165
10.7	25.1922
10.75	26.2645
10.8	27.3677
10.85	28.4434
10.9	29.5363
10.95	30.5435
11	31.4565
11.05	32.265
11.1	32.9433
11.15	33.5172
11.2	33.9796
11.25	34.3068
11.3	34.4781
11.35	34.4747
11.4	34.3582
11.45	34.1355
11.5	33.7107
11.55	33.1215
11.6	32.4431
11.65	31.5832
11.7	30.6257
11.75	29.5722
11.8	28.4537
11.85	27.3146
11.9	26.1532
11.95	25.0432
12	23.94
12.05	22.8814
12.1	21.9051
12.15	20.9921
12.2	20.1801
12.25	19.447
12.3	18.8954
12.35	18.4398
12.4	18.1417
12.45	17.9619
12.5	17.9327
12.55	18.0389
12.6	18.2753
12.65	18.6813
12.7	19.1781
12.75	19.8324
12.8	20.6255
12.85	21.5008
12.9	22.5029
12.95	23.4913
13	24.579
13.05	25.6941
13.1	26.8435
13.15	27.9312
13.2	28.9778
13.25	29.92
13.3	30.749
13.35	31.4599
13.4	32.0303
13.45	32.4328
13.5	32.7566
13.55	32.8954
13.6	32.8457
13.65	32.6641
13.7	32.2873
13.75	31.734
13.8	31.0419
13.85	30.1786
13.9	29.1988
13.95	28.1042
14	26.9463
14.05	25.7541
14.1	24.5584
14.15	23.3713
14.2	22.2408
14.25	21.2113
14.3	20.2932
14.35	19.4932
14.4	18.8012
14.45	18.2034
14.5	17.657
14.55	17.2013
14.6	16.8262
14.65	16.6258
14.7	16.5812
14.75	16.648
14.8	16.905
14.85	17.2613
14.9	17.7871
14.95	18.5014
15	19.3374
15.05	20.2932
15.1	21.3432
15.15	22.4395
15.2	23.5461
15.25	24.6321
15.3	25.6461
15.35	26.6311
15.4	27.5218
15.45	28.3115
15.5	28.9778
15.55	29.4934
15.6	29.8788
15.65	30.1512
15.7	30.2848
15.75	30.2934
15.8	30.1392
15.85	29.8549
15.9	29.4523
15.95	28.8751
16	28.1659
16.05	27.3368
16.1	26.3879
16.15	25.2933
16.2	24.1199
16.25	22.9054
16.3	21.6481
16.35	20.4062
16.4	19.1952
16.45	18.0509
16.5	16.9838
16.55	16.0502
16.6	15.2331
16.65	14.6199
16.7	14.1848
16.75	13.9758
16.8	13.933
16.85	14.0957
16.9	14.4537
16.95	14.9693
17	15.5894
17.05	16.3037
17.1	17.1122
17.15	17.9995
17.2	18.9194
17.25	19.853
17.3	20.7848
17.35	21.6995
17.4	22.6159
17.45	23.5221
17.5	24.3683
17.55	25.2025
17.6	26.0093
17.65	26.7887
17.7	27.5081
17.75	28.1419
17.8	28.6764
17.85	29.0703
17.9	29.3119
17.95	29.4198
18	29.3444
18.05	29.0412
18.1	28.5153
18.15	27.8147
18.2	26.9154
18.25	25.9271
18.3	24.8017
18.35	23.5872
18.4	22.3813
18.45	21.2148
18.5	20.0671
18.55	19.0102
18.6	18.0544
18.65	17.1551
18.7	16.338
18.75	15.6545
18.8	15.0567
18.85	14.625
18.9	14.2687
18.95	14.0135
19	13.9159
19.05	13.8902
19.1	13.981
19.15	14.2276
19.2	14.6148
19.25	15.0824
19.3	15.6905
19.35	16.4459
19.4	17.2818
19.45	18.2034
19.5	19.1918
19.55	20.2007
19.6	21.2216
19.65	22.2459
19.7	23.2566
19.75	24.197
19.8	25.086
19.85	25.85
19.9	26.4684
19.95	26.9497
20	27.3248
20.05	27.551
20.1	27.6023
20.15	27.4739
20.2	27.2255
20.25	26.8504
20.3	26.3193
20.35	25.6633
20.4	24.8959
20.45	24.0308
20.5	23.0459
20.55	21.9993
20.6	20.9612
20.65	19.9146
20.7	18.8817
20.75	17.8437
20.8	16.8279
20.85	15.8652
20.9	15.007
20.95	14.2636
21	13.6315
21.05	13.1348
21.1	12.7939
21.15	12.5866
21.2	12.4753
21.25	12.489
21.3	12.6449
21.35	12.8864
21.4	13.2547
21.45	13.7617
21.5	14.3818
21.55	15.0687
21.6	15.8703
21.65	16.7662
21.7	17.7152
21.75	18.7104
21.8	19.7159
21.85	20.6717
21.9	21.595
21.95	22.4481
22	23.2514
22.05	23.9212
22.1	24.5002
22.15	24.9867
22.2	25.3412
22.25	25.5999
22.3	25.7369
22.35	25.7301
22.4	25.6085
22.45	25.3447
22.5	24.9164
22.55	24.3563
22.6	23.6763
22.65	22.8592
22.7	21.9445
22.75	20.9407
22.8	19.8187
22.85	18.6487
22.9	17.4497
22.95	16.266
23	15.1321
23.05	14.1454
23.1	13.2615
23.15	12.4993
23.2	11.8483
23.25	11.3739
23.3	11.0689
23.35	10.9114
23.4	10.8805
23.45	10.9953
23.5	11.2283
23.55	11.5588
23.6	12.0094
23.65	12.5472
23.7	13.1862
23.75	13.9039
23.8	14.6901
23.85	15.5175
23.9	16.4305
23.95	17.3743
24	18.3284
24.05	19.2671
24.1	20.1887
24.15	21.0572
24.2	21.8485
24.25	22.556
24.3	23.1367
24.35	23.5958
24.4	23.9075
24.45	24.0702
24.5	24.1251
24.55	24.0223
24.6	23.8099
24.65	23.4895
24.7	23.1144
24.75	22.6228
24.8	22.049
24.85	21.4032
24.9	20.6649
24.95	19.8701
25	18.9982
25.05	18.0903
25.1	17.2013
25.15	16.3003
25.2	15.4335
25.25	14.6199
25.3	13.8491
25.35	13.1742
25.4	12.5918
25.45	12.1327
25.5	11.7884
25.55	11.5948
25.6	11.5143
25.65	11.5588
25.7	11.7113
25.75	11.9819
25.8	12.3656
25.85	12.8333
25.9	13.4054
25.95	14.0752
26	14.8135
26.05	15.6271
26.1	16.5144
26.15	17.3829
26.2	18.2548
26.25	19.1061
26.3	19.8992
26.35	20.6186
26.4	21.285
26.45	21.816
26.5	22.2699
26.55	22.6074
26.6	22.8352
26.65	22.926
26.7	22.8677
26.75	22.7376
26.8	22.5217
26.85	22.21
26.9	21.78
26.95	21.2507
27	20.5792
27.05	19.8495
27.1	19.0033
27.15	18.0955
27.2	17.1533
27.25	16.1478
27.3	15.1321
27.35	14.1248
27.4	13.193
27.45	12.3108
27.5	11.528
27.55	10.8206
27.6	10.1988
27.65	9.6815
27.7	9.2447
27.75	8.9483
27.8	8.7462
27.85	8.7068
27.9	8.7685
27.95	9.0031
28	9.3937
28.05	9.9178
28.1	10.6202
28.15	11.4372
28.2	12.3023
28.25	13.2564
28.3	14.1899
28.35	15.1372
28.4	16.069
28.45	16.9666
28.5	17.7871
28.55	18.5151
28.6	19.1524
28.65	19.733
28.7	20.2418
28.75	20.6084
28.8	20.8996
28.85	21.1
28.9	21.1719
28.95	21.1702
29	21.076
29.05	20.8482
29.1	20.4559
29.15	19.9986
29.2	19.4264
29.25	18.6882
29.3	17.9225
29.35	17.0763
29.4	16.2301
29.45	15.3599
29.5	14.4777
29.55	13.6469
29.6	12.9138
29.65	12.2029
29.7	11.5349
29.75	10.9764
29.8	10.502
29.85	10.1217
29.9	9.8373
29.95	9.678
30	9.6729
30.05	9.7808
30.1	10.024
30.15	10.3666
30.2	10.8411
30.25	11.4321
30.3	12.1344
30.35	12.9121
30.4	13.7274
30.45	14.5394
30.5	15.3839
30.55	16.2266
30.6	16.982
30.65	17.6946
30.7	18.325
30.75	18.8783
30.8	19.3493
30.85	19.7193
30.9	19.9712
30.95	20.1356
31	20.2435
31.05	20.2778
31.1	20.2504
31.15	20.1664
31.2	20.0123
31.25	19.7981
31.3	19.4744
31.35	19.0239
31.4	18.4586
31.45	17.7906
31.5	16.9958
31.55	16.1907
31.6	15.2914
31.65	14.3407
31.7	13.426
31.75	12.5164
31.8	11.6719
31.85	10.9131
31.9	10.245
31.95	9.7072
32	9.356
32.05	9.171
32.1	9.0785
32.15	9.0682
32.2	9.1727
32.25	9.3286
32.3	9.5187
32.35	9.8459
32.4	10.2347
32.45	10.6989
32.5	11.1923
32.55	11.749
32.6	12.328
32.65	12.9326
32.7	13.5716
32.75	14.2191
32.8	14.8991
32.85	15.5706
32.9	16.2643
32.95	16.9649
33	17.5953
33.05	18.1588
33.1	18.6351
33.15	19.0479
33.2	19.3493
33.25	19.5326
33.3	19.5686
33.35	19.459
33.4	19.1815
33.45	18.7806
33.5	18.2685
33.55	17.6621
33.6	16.9649
33.65	16.1941
33.7	15.413
33.75	14.6062
33.8	13.8062
33.85	13.0286
33.9	12.3125
33.95	11.5743
34	10.8737
34.05	10.2022
34.1	9.5684
34.15	9.0237
34.2	8.5184
34.25	8.1295
34.3	7.8383
34.35	7.6533
34.4	7.6208
34.45	7.7818
34.5	8.0524
34.55	8.4807
34.6	9.0014
34.65	9.6369
34.7	10.3649
34.75	11.1632
34.8	12.0213
34.85	12.9001
34.9	13.8165
34.95	14.7073
35	15.5843
35.05	16.338
35.1	17.0454
35.15	17.6056
35.2	18.0252
35.25	18.3541
35.3	18.5751
35.35	18.695
35.4	18.7207
35.45	18.6385
35.5	18.4449
35.55	18.1623
35.6	17.7957
35.65	17.3743
35.7	16.8947
35.75	16.2969
35.8	15.6374
35.85	14.9745
35.9	14.2893
35.95	13.6041
36	12.9343
36.05	12.256
36.1	11.6068
36.15	10.9747
36.2	10.3838
36.25	9.8442
36.3	9.3817
36.35	8.9877
36.4	8.664
36.45	8.4087
36.5	8.2426
36.55	8.1758
36.6	8.2203
36.65	8.3282
36.7	8.5578
36.75	8.9123
36.8	9.3509
36.85	9.887
36.9	10.4883
36.95	11.182
37	11.8672
37.05	12.5729
37.1	13.2787
37.15	13.9724
37.2	14.6267
37.25	15.2331
37.3	15.7402
37.35	16.177
37.4	16.5881
37.45	16.9015
37.5	17.1362
37.55	17.3058
37.6	17.4069
37.65	17.412
37.7	17.3058
37.75	17.0883
37.8	16.7679
37.85	16.338
37.9	15.8104
37.95	15.2451
38	14.6096
38.05	13.8953
38.1	13.2238
38.15	12.5352
38.2	11.8655
38.25	11.1957
38.3	10.5619
38.35	9.9864
38.4	9.4691
38.45	9.0168
38.5	8.6366
38.55	8.3214
38.6	8.1021
38.65	7.9668
38.7	7.8692
38.75	7.8623
38.8	7.936
38.85	8.0987
38.9	8.3488
38.95	8.6434
39	9.0237
39.05	9.4245
39.1	9.8579
39.15	10.293
39.2	10.7486
39.25	11.2265
39.3	11.6839
39.35	12.1224
39.4	12.5404
39.45	12.9104
39.5	13.2427
39.55	13.5818
39.6	13.8662
39.65	14.1488
39.7	14.3475
39.75	14.5462
39.8	14.6798
39.85	14.7946
39.9	14.8409
39.95	14.8272
40	14.7569
40.05	14.5514
40.1	14.2448
40.15	13.8199
40.2	13.3352
40.25	12.7374
40.3	12.0659
40.35	11.3413
40.4	10.6099
40.45	9.8356
40.5	9.0682
40.55	8.3591
40.6	7.7116
40.65	7.2182
40.7	6.826
40.75	6.5981
40.8	6.4902
40.85	6.4765
40.9	6.5981
40.95	6.7883
41	7.0778
41.05	7.4358
41.1	7.828
41.15	8.2597
41.2	8.6794
41.25	9.1573
41.3	9.6318
41.35	10.0771
41.4	10.5602
41.45	11.0775
41.5	11.6154
41.55	12.1738
41.6	12.7408
41.65	13.2787
41.7	13.8268
41.75	14.3355
41.8	14.7741
41.85	15.1321
41.9	15.3959
41.95	15.5483
42	15.5997
42.05	15.562
42.1	15.3993
42.15	15.168
42.2	14.8631
42.25	14.488
42.3	14.1111
42.35	13.6829
42.4	13.2273
42.45	12.7562
42.5	12.244
42.55	11.7541
42.6	11.2745
42.65	10.8086
42.7	10.3307
42.75	9.8956
42.8	9.4725
42.85	9.0836
42.9	8.7616
42.95	8.4773
43	8.282
43.05	8.1467
43.1	8.0559
43.15	8.0319
43.2	8.085
43.25	8.1655
43.3	8.3025
43.35	8.5132
43.4	8.7924
43.45	9.1693
43.5	9.5924
43.55	10.036
43.6	10.5242
43.65	11.0552
43.7	11.564
43.75	12.0607
43.8	12.5078
43.85	12.9361
43.9	13.3232
43.95	13.6538
44	13.8987
44.05	14.0769
44.1	14.1814
44.15	14.1968
44.2	14.154
44.25	14.0478
44.3	13.8679
44.35	13.6692
44.4	13.4208
44.45	13.1827
44.5	12.8487
44.55	12.4325
44.6	12.0059
44.65	11.5537
44.7	11.0535
44.75	10.5037
44.8	9.9658
44.85	9.4502
44.9	8.926
44.95	8.4242
45	7.9976
45.05	7.6756
45.1	7.4392
45.15	7.3193
45.2	7.2611
45.25	7.297
45.3	7.3827
45.35	7.5197
45.4	7.691
45.45	7.876
45.5	8.073
45.55	8.3368
45.6	8.6194
45.65	8.9295
45.7	9.2721
45.75	9.6643
45.8	10.1234
45.85	10.5927
45.9	11.0861
45.95	11.5777
46	12.0573
46.05	12.5352
46.1	12.9224
46.15	13.2478
46.2	13.4928
46.25	13.6384
46.3	13.6932
46.35	13.6709
46.4	13.5681
46.45	13.3694
46.5	13.1091
46.55	12.787
46.6	12.4119
46.65	11.9819
46.7	11.5143
46.75	11.0364
46.8	10.5311
46.85	10.0086
46.9	9.4947
46.95	9.01
47	8.5475
47.05	8.1689
47.1	7.8452
47.15	7.5917
47.2	7.3844
47.25	7.2491
47.3	7.1943
47.35	7.1377
47.4	7.112
47.45	7.1172
47.5	7.1754
47.55	7.2131
47.6	7.2953
47.65	7.4255
47.7	7.5865
47.75	7.7681
47.8	8.0062
47.85	8.294
47.9	8.5989
47.95	8.9483
48	9.3252
48.05	9.7157
48.1	10.1508
48.15	10.5825
48.2	10.9696
48.25	11.3276
48.3	11.588
48.35	11.7781
48.4	11.8877
48.45	11.91
48.5	11.8757
48.55	11.8261
48.6	11.713
48.65	11.5811
48.7	11.4013
48.75	11.2214
48.8	11.0535
48.85	10.8788
48.9	10.7007
48.95	10.5414
49	10.3735
49.05	10.2142
49.1	9.9795
49.15	9.7311
49.2	9.4108
49.25	9.0391
49.3	8.6246
49.35	8.198
49.4	7.7698
49.45	7.3895
49.5	7.0863
49.55	6.826
49.6	6.6684
49.65	6.6444
49.7	6.7129
49.75	6.8739
49.8	7.1172
49.85	7.3998
49.9	7.7236
49.95	8.0285
50	8.3282
50.05	8.6451
50.1	8.9363
50.15	9.1898
50.2	9.4691
50.25	9.7431
50.3	9.9915
50.35	10.2108
50.4	10.4266
50.45	10.6356
50.5	10.8257
50.55	11.0124
50.6	11.1751
50.65	11.3053
50.7	11.3858
50.75	11.4047
50.8	11.3653
50.85	11.2728
50.9	11.1409
50.95	10.9251
51	10.6715
51.05	10.3615
51.1	10.0343
51.15	9.7072
51.2	9.3491
51.25	8.998
51.3	8.652
51.35	8.3162
51.4	8.0045
51.45	7.6996
51.5	7.3878
51.55	7.1137
51.6	6.8482
51.65	6.6495
51.7	6.4697
51.75	6.2984
51.8	6.2127
51.85	6.1356
51.9	6.1185
51.95	6.1853
52	6.3035
52.05	6.4851
52.1	6.7249
52.15	6.9973
52.2	7.2748
52.25	7.5643
52.3	7.8811
52.35	8.1535
52.4	8.4635
52.45	8.7736
52.5	9.0888
52.55	9.3543
52.6	9.6129
52.65	9.8716
52.7	10.0909
52.75	10.3033
52.8	10.4865
52.85	10.663
52.9	10.7349
52.95	10.776
53	10.7555
53.05	10.6767
53.1	10.5585
53.15	10.3546
53.2	10.1251
53.25	9.851
53.3	9.5496
53.35	9.2207
53.4	8.861
53.45	8.5012
53.5	8.1535
53.55	7.8263
53.6	7.5471
53.65	7.2748
53.7	7.0435
53.75	6.8876
53.8	6.7575
53.85	6.6992
53.9	6.6941
53.95	6.7249
54	6.8243
54.05	6.9613
54.1	7.1189
54.15	7.2251
54.2	7.3604
54.25	7.5111
54.3	7.6345
54.35	7.7424
54.4	7.8674
54.45	8.0045
54.5	8.1261
54.55	8.2546
54.6	8.4139
54.65	8.5937
54.7	8.7804
54.75	9.0357
54.8	9.32
54.85	9.5855
54.9	9.8253
54.95	10.0583
55	10.1936
55.05	10.2998
55.1	10.3444
55.15	10.3564
55.2	10.2947
55.25	10.2005
55.3	10.0515
55.35	9.863
55.4	9.6421
55.45	9.4297
55.5	9.183
55.55	8.9397
55.6	8.6914
55.65	8.4927
55.7	8.2734
55.75	8.0353
55.8	7.8006
55.85	7.5591
55.9	7.3124
55.95	7.0384
56	6.79
56.05	6.581
56.1	6.4046
56.15	6.2641
56.2	6.1682
56.25	6.1494
56.3	6.1905
56.35	6.3395
56.4	6.5399
56.45	6.8003
56.5	7.112
56.55	7.4101
56.6	7.7321
56.65	8.0148
56.7	8.3008
56.75	8.556
56.8	8.7685
56.85	8.9038
56.9	9.0031
56.95	9.1076
57	9.1778
57.05	9.2258
57.1	9.2841
57.15	9.3406
57.2	9.4125
57.25	9.4982
57.3	9.5478
57.35	9.5941
57.4	9.6095
57.45	9.5992
57.5	9.493
57.55	9.3646
57.6	9.1916
57.65	9.0134
57.7	8.7959
57.75	8.5338
57.8	8.2974
57.85	8.025
57.9	7.7475
57.95	7.4992
58	7.2765
58.05	7.0624
58.1	6.8157
58.15	6.5844
58.2	6.3549
58.25	6.11
58.3	5.8633
58.35	5.6372
58.4	5.4368
58.45	5.2775
58.5	5.1541
58.55	5.0839
58.6	5.0599
58.65	5.0993
58.7	5.2004
58.75	5.3477
58.8	5.5875
58.85	5.853
58.9	6.1065
58.95	6.3857
59	6.6735
59.05	6.975
59.1	7.2114
59.15	7.4118
59.2	7.6105
59.25	7.8006
59.3	7.9668
59.35	8.1141
59.4	8.1843
59.45	8.3008
59.5	8.3591
59.55	8.3796
59.6	8.3402
59.65	8.2803
59.7	8.222
59.75	8.0936
59.8	7.9394
59.85	7.7287
59.9	7.4855
59.95	7.1943
60	6.8688
60.05	6.5194
60.1	6.1733
60.15	5.8633
60.2	5.5687
60.25	5.3408
60.3	5.1627
60.35	5.089
60.4	5.0616
60.45	5.1661
60.5	5.3049
60.55	5.4488
60.6	5.6355
60.65	5.8462
60.7	6.0483
60.75	6.1888
60.8	6.3189
60.85	6.4183
60.9	6.468
60.95	6.4988
61	6.5245
61.05	6.5622
61.1	6.6136
61.15	6.742
61.2	6.8842
61.25	7.0898
61.3	7.2782
61.35	7.4769
61.4	7.6619
61.45	7.7989
61.5	7.8709
61.55	7.9394
61.6	7.9531
61.65	7.9582
61.7	7.8709
61.75	7.7801
61.8	7.7133
61.85	7.6019
61.9	7.4752
61.95	7.3793
62	7.3176
62.05	7.2217
62.1	7.088
62.15	6.9305
62.2	6.7677
62.25	6.6393
62.3	6.4954
62.35	6.3669
62.4	6.2401
62.45	6.0945
62.5	5.9832
62.55	5.8719
62.6	5.7794
62.65	5.704
62.7	5.644
62.75	5.5772
62.8	5.5121
62.85	5.5001
62.9	5.4916
62.95	5.519
63	5.5858
63.05	5.6834
63.1	5.7965
63.15	5.9164
63.2	6.0928
63.25	6.2401
63.3	6.3686
63.35	6.5313
63.4	6.6769
63.45	6.7712
63.5	6.8517
63.55	6.9322
63.6	7.0178
63.65	7.0932
63.7	7.1788
63.75	7.2765
63.8	7.3536
63.85	7.4084
63.9	7.4409
63.95	7.4341
64	7.4101
64.05	7.3536
64.1	7.2679
64.15	7.148
64.2	6.9801
64.25	6.7968
64.3	6.5587
64.35	6.3104
64.4	6.0706
64.45	5.8376
64.5	5.5858
64.55	5.3614
64.6	5.1661
64.65	4.9794
64.7	4.8561
64.75	4.7858
64.8	4.7019
64.85	4.6694
64.9	4.7122
64.95	4.7567
65	4.8304
65.05	4.9657
65.1	5.1045
65.15	5.286
65.2	5.4933
65.25	5.6937
65.3	5.877
65.35	6.0483
65.4	6.1836
65.45	6.2556
65.5	6.3069
65.55	6.3361
65.6	6.3892
65.65	6.4269
65.7	6.4577
65.75	6.5228
65.8	6.5913
65.85	6.6701
65.9	6.7592
65.95	6.8174
66	6.8808
66.05	6.9373
66.1	6.9493
66.15	6.9373
66.2	6.9185
66.25	6.9048
66.3	6.8431
66.35	6.6941
66.4	6.5159
66.45	6.2761
66.5	6.0243
66.55	5.7674
66.6	5.5173
66.65	5.2603
66.7	5.0222
66.75	4.8047
66.8	4.6043
66.85	4.4433
66.9	4.3251
66.95	4.2274
67	4.2052
67.05	4.2017
67.1	4.2291
67.15	4.2977
67.2	4.3593
67.25	4.4433
67.3	4.5477
67.35	4.6437
67.4	4.7739
67.45	4.9143
67.5	5.0565
67.55	5.2381
67.6	5.4642
67.65	5.6457
67.7	5.8547
67.75	6.0312
67.8	6.1596
67.85	6.2881
67.9	6.3463
67.95	6.3823
68	6.3943
68.05	6.3703
68.1	6.3206
68.15	6.2744
68.2	6.2247
68.25	6.1802
68.3	6.1339
68.35	6.0894
68.4	6.0757
68.45	6.0551
68.5	6.0551
68.55	6.038
68.6	5.9866
68.65	5.9164
68.7	5.8427
68.75	5.7177
68.8	5.5601
68.85	5.3905
68.9	5.2192
68.95	5.0531
69	4.9177
69.05	4.8304
69.1	4.7259
69.15	4.642
69.2	4.5871
69.25	4.5854
69.3	4.5906
69.35	4.6026
69.4	4.6197
69.45	4.63
69.5	4.6248
69.55	4.6197
69.6	4.6197
69.65	4.6231
69.7	4.6197
69.75	4.6608
69.8	4.7584
69.85	4.8561
69.9	4.9863
69.95	5.101
70	5.2603
70.05	5.4094
70.1	5.5344
70.15	5.6629
70.2	5.7434
70.25	5.7845
70.3	5.8307
70.35	5.8633
70.4	5.8941
70.45	5.9113
70.5	5.9147
70.55	5.877
70.6	5.8307
70.65	5.8016
70.7	5.7605
70.75	5.6783
70.8	5.5772
70.85	5.471
70.9	5.3494
70.95	5.2038
71	5.0462
71.05	4.9092
71.1	4.8184
71.15	4.743
71.2	4.6694
71.25	4.6248
71.3	4.5957
71.35	4.5392
71.4	4.4775
71.45	4.4021
71.5	4.2977
71.55	4.1863
71.6	4.0835
71.65	3.9927
71.7	3.9054
71.75	3.866
71.8	3.8232
71.85	3.8112
71.9	3.8609
71.95	3.9859
72	4.1229
72.05	4.2925
72.1	4.5049
72.15	4.7379
72.2	4.9366
72.25	5.1301
72.3	5.322
72.35	5.4933
72.4	5.6063
72.45	5.6937
72.5	5.7211
72.55	5.7108
72.6	5.6338
72.65	5.5053
72.7	5.298
72.75	5.077
72.8	4.892
72.85	4.7345
72.9	4.5923
72.95	4.4604
73	4.3542
73.05	4.2925
73.1	4.2754
73.15	4.2668
73.2	4.2668
73.25	4.2891
73.3	4.2942
73.35	4.2805
73.4	4.2651
73.45	4.2377
73.5	4.2
73.55	4.1606
73.6	4.1041
73.65	4.0938
73.7	4.0356
73.75	4.0116
73.8	3.9979
73.85	4.003
73.9	4.063
73.95	4.1127
74	4.1966
74.05	4.2702
74.1	4.3867
74.15	4.4775
74.2	4.5906
74.25	4.6848
74.3	4.8013
74.35	4.8972
74.4	4.9948
74.45	5.1147
74.5	5.2141
74.55	5.2809
74.6	5.3648
74.65	5.4607
74.7	5.5173
74.75	5.5841
74.8	5.6029
74.85	5.6081
74.9	5.5515
74.95	5.4745
75	5.3785
75.05	5.2997
75.1	5.1798
75.15	5.0822
75.2	5.0154
75.25	4.9589
75.3	4.9229
75.35	4.9229
75.4	4.9434
75.45	4.9109
75.5	4.9006
75.55	4.8818
75.6	4.8355
75.65	4.7499
75.7	4.6163
75.75	4.5066
75.8	4.3953
75.85	4.3182
75.9	4.2651
75.95	4.248
76	4.2189
76.05	4.1795
76.1	4.1589
76.15	4.1572
76.2	4.1726
76.25	4.1795
76.3	4.1863
76.35	4.1846
76.4	4.2103
76.45	4.236
76.5	4.3182
76.55	4.4193
76.6	4.5512
76.65	4.6471
76.7	4.803
76.75	4.9263
76.8	5.0085
76.85	5.0633
76.9	5.0479
76.95	5.0257
77	4.9623
77.05	4.8424
77.1	4.6848
77.15	4.5135
77.2	4.3799
77.25	4.2446
77.3	4.1486
77.35	4.1384
77.4	4.176
77.45	4.2206
77.5	4.2891
77.55	4.3627
77.6	4.4004
77.65	4.4107
77.7	4.4073
77.75	4.3713
77.8	4.2685
77.85	4.1606
77.9	4.0441
77.95	3.9208
78	3.8078
78.05	3.6896
78.1	3.6039
78.15	3.5902
78.2	3.5868
78.25	3.633
78.3	3.7067
78.35	3.7975
78.4	3.8831
78.45	3.9482
78.5	3.9739
78.55	3.979
78.6	3.9825
78.65	3.9602
78.7	3.9448
78.75	3.9208
78.8	3.9054
78.85	3.9157
78.9	3.9157
78.95	3.9379
79	3.9671
79.05	4.0184
79.1	4.0116
79.15	4.0356
79.2	4.0116
79.25	3.9876
79.3	3.9551
79.35	3.8763
79.4	3.8437
79.45	3.7855
79.5	3.7649
79.55	3.7838
79.6	3.8163
79.65	3.878
79.7	3.9516
79.75	4.0459
79.8	4.1401
79.85	4.1846
79.9	4.188
79.95	4.1709
80	4.1332
80.05	4.0647
80.1	3.9242
80.15	3.8009
80.2	3.6827
80.25	3.5542
80.3	3.4326
80.35	3.3572
80.4	3.359
80.45	3.4172
80.5	3.5011
80.55	3.5988
80.6	3.7187
80.65	3.8437
80.7	3.9448
80.75	4.0236
80.8	4.099
80.85	4.1366
80.9	4.1384
80.95	4.1161
81	4.0887
81.05	4.0698
81.1	4.0459
81.15	4.0099
81.2	4.0082
81.25	3.9893
81.3	3.9671
81.35	3.9345
81.4	3.9242
81.45	3.8985
81.5	3.8814
81.55	3.8591
81.6	3.83
81.65	3.8163
81.7	3.8129
81.75	3.7975
81.8	3.7855
81.85	3.8009
81.9	3.8146
81.95	3.8471
82	3.8677
82.05	3.8831
82.1	3.8865
82.15	3.8917
82.2	3.8711
82.25	3.83
82.3	3.7872
82.35	3.6981
82.4	3.621
82.45	3.5594
82.5	3.5131
82.55	3.4617
82.6	3.4292
82.65	3.3727
82.7	3.3127
82.75	3.2699
82.8	3.2493
82.85	3.2476
82.9	3.2339
82.95	3.2185
83	3.1945
83.05	3.2031
83.1	3.2116
83.15	3.2168
83.2	3.2373
83.25	3.2476
83.3	3.2579
83.35	3.3093
83.4	3.3607
83.45	3.4189
83.5	3.4754
83.55	3.5371
83.6	3.5953
83.65	3.6776
83.7	3.717
83.75	3.7735
83.8	3.842
83.85	3.914
83.9	3.9671
83.95	3.9979
84	3.9996
84.05	4.0013
84.1	3.9568
84.15	3.9122
84.2	3.8626
84.25	3.7838
84.3	3.6964
84.35	3.6416
84.4	3.5611
84.45	3.5114
84.5	3.4909
84.55	3.4343
84.6	3.4155
84.65	3.4103
84.7	3.3675
84.75	3.359
84.8	3.3127
84.85	3.3007
84.9	3.287
84.95	3.2767
85	3.2373
85.05	3.1979
85.1	3.1637
85.15	3.1328
85.2	3.0815
85.25	3.0746
85.3	3.078
85.35	3.0969
85.4	3.1363
85.45	3.1722
85.5	3.2099
85.55	3.251
85.6	3.2682
85.65	3.2887
85.7	3.2613
85.75	3.2253
85.8	3.1928
85.85	3.1774
85.9	3.1346
85.95	3.114
86	3.09
86.05	3.1346
86.1	3.1997
86.15	3.3007
86.2	3.4309
86.25	3.5971
86.3	3.7067
86.35	3.8215
86.4	3.9157
86.45	3.9739
86.5	3.9414
86.55	3.8609
86.6	3.7135
86.65	3.5474
86.7	3.3555
86.75	3.1431
86.8	2.953
86.85	2.7937
86.9	2.7012
86.95	2.6618
87	2.6823
87.05	2.816
87.1	2.9461
87.15	3.1226
87.2	3.3401
87.25	3.532
87.3	3.6502
87.35	3.7307
87.4	3.7238
87.45	3.6519
87.5	3.5303
87.55	3.4052
87.6	3.2425
87.65	3.0403
87.7	2.8554
87.75	2.7269
87.8	2.6447
87.85	2.6515
87.9	2.6909
87.95	2.7611
88	2.8759
88.05	2.9958
88.1	3.1123
88.15	3.2391
88.2	3.4309
88.25	3.5662
88.3	3.6793
88.35	3.7735
88.4	3.8249
88.45	3.8163
88.5	3.7838
88.55	3.7324
88.6	3.6536
88.65	3.5542
88.7	3.4515
88.75	3.3333
88.8	3.2253
88.85	3.1106
88.9	3.0249
88.95	2.9461
89	2.9067
89.05	2.8913
89.1	2.8708
89.15	2.8691
89.2	2.8862
89.25	2.9067
89.3	2.9427
89.35	2.9461
89.4	2.977
89.45	2.9547
89.5	2.9598
89.55	2.9667
89.6	2.977
89.65	2.9735
89.7	2.9872
89.75	2.9975
89.8	3.0386
89.85	3.0695
89.9	3.1123
89.95	3.1637
90	3.2665
90.05	3.3298
90.1	3.4172
90.15	3.52
90.2	3.6553
90.25	3.7392
90.3	3.8283
90.35	3.8626
90.4	3.8626
90.45	3.7975
90.5	3.6981
90.55	3.5714
90.6	3.3915
90.65	3.2168
90.7	3.0558
90.75	2.9136
90.8	2.7885
90.85	2.7389
90.9	2.6943
90.95	2.6978
91	2.6995
91.05	2.7269
91.1	2.7885
91.15	2.8862
91.2	2.9975
91.25	3.0301
91.3	3.0746
91.35	3.0575
91.4	3.0095
91.45	2.9496
91.5	2.8896
91.55	2.7988
91.6	2.7526
91.65	2.6669
91.7	2.6121
91.75	2.5402
91.8	2.4785
91.85	2.4305
91.9	2.446
91.95	2.511
92	2.6087
92.05	2.7166
92.1	2.8177
92.15	2.9102
92.2	3.0198
92.25	3.078
92.3	3.1191
92.35	3.1311
92.4	3.114
92.45	3.1328
92.5	3.1106
92.55	3.0763
92.6	3.0215
92.65	3.0061
92.7	2.9513
92.75	2.9239
92.8	2.9067
92.85	2.9324
92.9	2.929
92.95	2.9256
93	2.9204
93.05	2.9033
93.1	2.8622
93.15	2.8074
93.2	2.7372
93.25	2.6584
93.3	2.5898
93.35	2.523
93.4	2.4973
93.45	2.5093
93.5	2.5042
93.55	2.5213
93.6	2.5145
93.65	2.5624
93.7	2.5607
93.75	2.5693
93.8	2.583
93.85	2.6121
93.9	2.6275
93.95	2.6549
94	2.6995
94.05	2.7235
94.1	2.732
94.15	2.756
94.2	2.7509
94.25	2.7183
94.3	2.6926
94.35	2.6498
94.4	2.5933
94.45	2.5008
94.5	2.4151
94.55	2.3603
94.6	2.2729
94.65	2.2044
94.7	2.1907
94.75	2.1976
94.8	2.1993
94.85	2.2233
94.9	2.2815
94.95	2.3363
95	2.4117
95.05	2.5162
95.1	2.5933
95.15	2.6618
95.2	2.7029
95.25	2.708
95.3	2.7063
95.35	2.6584
95.4	2.5813
95.45	2.4854
95.5	2.35
95.55	2.225
95.6	2.1154
95.65	2.0074
95.7	1.9321
95.75	1.8293
95.8	1.7505
95.85	1.6991
95.9	1.6786
95.95	1.706
96	1.7436
96.05	1.8156
96.1	1.9115
96.15	1.9886
96.2	2.0605
96.25	2.1582
96.3	2.2678
96.35	2.3552
96.4	2.4168
96.45	2.4802
96.5	2.5367
96.55	2.5539
96.6	2.5453
96.65	2.5265
96.7	2.4631
96.75	2.4442
96.8	2.3757
96.85	2.2575
96.9	2.1411
96.95	2.0314
97	1.9338
97.05	1.8447
97.1	1.7967
97.15	1.7591
97.2	1.7505
97.25	1.7454
97.3	1.783
97.35	1.8773
97.4	1.9561
97.45	2.0366
97.5	2.153
97.55	2.2301
97.6	2.3398
97.65	2.434
97.7	2.5145
97.75	2.5059
97.8	2.4819
97.85	2.434
97.9	2.3346
97.95	2.1822
98	2.0246
98.05	1.9081
98.1	1.7916
98.15	1.6974
98.2	1.6289
98.25	1.6186
98.3	1.6374
98.35	1.7214
98.4	1.8224
98.45	1.9441
98.5	2.0725
98.55	2.2216
98.6	2.3226
98.65	2.4237
98.7	2.5025
98.75	2.535
98.8	2.5779
98.85	2.5796
98.9	2.5385
98.95	2.4631
99	2.3706
99.05	2.2558
99.1	2.1359
99.15	2.0229
99.2	1.9389
99.25	1.8413
99.3	1.7676
99.35	1.7317
99.4	1.7094
99.45	1.694
99.5	1.7077
99.55	1.7197
99.6	1.7317
99.65	1.7368
99.7	1.7745
99.75	1.7762
99.8	1.8087
99.85	1.8447
99.9	1.8721
99.95	1.8995
100	1.9115
100.05	1.9492
100.1	1.9869
100.15	2.0503
100.2	2.1051
100.25	2.1273
100.3	2.1496
100.35	2.1291
100.4	2.153
100.45	2.1496
100.5	2.1924
100.55	2.2507
100.6	2.3329
100.65	2.434
100.7	2.5385
100.75	2.6721
100.8	2.7971
100.85	2.8759
100.9	2.9684
100.95	3.0112
101	3.0044
101.05	2.9153
101.1	2.8022
101.15	2.6395
101.2	2.4477
101.25	2.2644
101.3	2.0674
101.35	1.9149
101.4	1.7779
101.45	1.7111
101.5	1.6923
101.55	1.7299
101.6	1.7882
101.65	1.8344
101.7	1.9304
101.75	2.0092
101.8	2.0845
101.85	2.1068
101.9	2.0879
101.95	2.0691
102	2.0109
102.05	1.9132
102.1	1.8327
102.15	1.7762
102.2	1.7813
102.25	1.7865
102.3	1.8173
102.35	1.879
102.4	1.9543
102.45	2.0263
102.5	2.0725
102.55	2.1205
102.6	2.1308
102.65	2.1136
102.7	2.0674
102.75	1.9869
102.8	1.8618
102.85	1.7128
102.9	1.5484
102.95	1.4011
103	1.2418
103.05	1.1201
103.1	1.0687
103.15	1.0328
103.2	1.0088
103.25	1.0448
103.3	1.0842
103.35	1.1544
103.4	1.2109
103.45	1.3034
103.5	1.3634
103.55	1.4559
103.6	1.4987
103.65	1.5586
103.7	1.6169
103.75	1.6734
103.8	1.7317
103.85	1.8259
103.9	1.8824
103.95	1.9423
104	1.9989
104.05	2.0211
104.1	2.0777
104.15	2.0657
104.2	2.0417
104.25	2.0348
104.3	1.9852
104.35	1.9338
104.4	1.8636
104.45	1.7933
104.5	1.6854
104.55	1.598
104.6	1.5073
104.65	1.4268
104.7	1.3736
104.75	1.2794
104.8	1.1938
104.85	1.1099
104.9	1.0259
104.95	0.9471
105	0.9112
105.05	0.8923
105.1	0.9009
105.15	0.9454
105.2	1.0362
105.25	1.139
105.3	1.2692
105.35	1.4233
105.4	1.5843
105.45	1.7248
105.5	1.8361
105.55	1.9543
105.6	1.98
105.65	1.9612
105.7	1.8927
105.75	1.8139
105.8	1.7214
105.85	1.6237
105.9	1.5775
105.95	1.5107
106	1.4165
106.05	1.3103
106.1	1.2178
106.15	1.163
106.2	1.1304
106.25	1.1047
106.3	1.1099
106.35	1.1201
106.4	1.1612
106.45	1.24
106.5	1.3497
106.55	1.4576
106.6	1.5946
106.65	1.6888
106.7	1.8242
106.75	1.9423
106.8	2.0023
106.85	2.0451
106.9	2.0588
106.95	2.0657
107	2.0246
107.05	1.9612
107.1	1.8738
107.15	1.7796
107.2	1.6871
107.25	1.5929
107.3	1.5484
107.35	1.5244
107.4	1.5073
107.45	1.5398
107.5	1.5861
107.55	1.6409
107.6	1.7334
107.65	1.819
107.7	1.8961
107.75	1.9561
107.8	2.0383
107.85	2.0897
107.9	2.0794
107.95	2.0725
108	2.0246
108.05	1.9201
108.1	1.7916
108.15	1.67
108.2	1.5706
108.25	1.4987
108.3	1.4456
108.35	1.4011
108.4	1.4096
108.45	1.437
108.5	1.4764
108.55	1.5312
108.6	1.5843
108.65	1.6186
108.7	1.6323
108.75	1.6186
108.8	1.6049
108.85	1.5689
108.9	1.5244
108.95	1.4644
109	1.4062
109.05	1.3754
109.1	1.3445
109.15	1.3514
109.2	1.3736
109.25	1.425
109.3	1.4781
109.35	1.5467
109.4	1.6203
109.45	1.7111
109.5	1.7711
109.55	1.8567
109.6	1.9132
109.65	1.9561
109.7	1.9954
109.75	1.9835
109.8	1.9715
109.85	1.9286
109.9	1.8927
109.95	1.8105
110	1.7214
110.05	1.6083
110.1	1.4936
110.15	1.3874
110.2	1.2863
110.25	1.1955
110.3	1.1493
110.35	1.1544
110.4	1.151
110.45	1.1681
110.5	1.2143
110.55	1.2503
110.6	1.324
110.65	1.4062
110.7	1.4833
110.75	1.5415
110.8	1.5569
110.85	1.5929
110.9	1.6203
110.95	1.61
111	1.5912
111.05	1.5638
111.1	1.497
111.15	1.4285
111.2	1.3874
111.25	1.3308
111.3	1.2315
111.35	1.1698
111.4	1.1236
111.45	1.0807
111.5	1.043
111.55	1.0653
111.6	1.0824
111.65	1.1595
111.7	1.2486
111.75	1.3394
111.8	1.4867
111.85	1.6374
111.9	1.7505
111.95	1.8242
112	1.8636
112.05	1.8961
112.1	1.8516
112.15	1.7985
112.2	1.6871
112.25	1.5741
112.3	1.4302
112.35	1.2949
112.4	1.1989
112.45	1.091
112.5	1.0499
112.55	1.0242
112.6	1.0533
112.65	1.0962
112.7	1.1338
112.75	1.2383
112.8	1.3188
112.85	1.437
112.9	1.4799
112.95	1.5141
113	1.5055
113.05	1.4953
113.1	1.4559
113.15	1.4113
113.2	1.3325
113.25	1.2623
113.3	1.2126
113.35	1.1732
113.4	1.1373
113.45	1.0927
113.5	1.0636
113.55	1.0499
113.6	1.0602
113.65	1.055
113.7	1.0739
113.75	1.079
113.8	1.0585
113.85	1.0105
113.9	0.9608
113.95	0.8855
114	0.8426
114.05	0.8049
114.1	0.7399
114.15	0.7364
114.2	0.757
114.25	0.8495
114.3	0.9506
114.35	1.1287
114.4	1.3171
114.45	1.509
114.5	1.682
114.55	1.7933
114.6	1.867
114.65	1.8704
114.7	1.8464
114.75	1.795
114.8	1.6888
114.85	1.5655
114.9	1.4405
114.95	1.3086
115	1.1818
115.05	1.1304
115.1	1.0739
115.15	1.0533
115.2	1.0636
115.25	1.0739
115.3	1.1218
115.35	1.1801
115.4	1.2195
115.45	1.264
115.5	1.3051
115.55	1.3428
115.6	1.3736
115.65	1.4199
115.7	1.4524
115.75	1.4799
115.8	1.4816
115.85	1.4901
115.9	1.4593
115.95	1.425
116	1.3497
116.05	1.2435
116.1	1.1407
116.15	1.0259
116.2	0.9249
116.25	0.8358
116.3	0.793
116.35	0.7364
116.4	0.7227
116.45	0.8187
116.5	0.9454
116.55	1.0482
116.6	1.139
116.65	1.2315
116.7	1.3377
116.75	1.3754
116.8	1.4062
116.85	1.4268
116.9	1.4011
116.95	1.3103
117	1.2161
117.05	1.1081
117.1	0.9951
117.15	0.9266
117.2	0.8923
117.25	0.9043
117.3	0.9471
117.35	1.0345
117.4	1.1732
117.45	1.3017
117.5	1.4165
117.55	1.5415
117.6	1.6614
117.65	1.7779
117.7	1.8122
117.75	1.7848
117.8	1.7642
117.85	1.7334
117.9	1.6511
117.95	1.5621
118	1.449
118.05	1.3223
118.1	1.2126
118.15	1.1355
118.2	1.0756
118.25	1.0037
118.3	0.9728
118.35	0.9625
118.4	0.9797
118.45	1.0054
118.5	1.043
118.55	1.0842
118.6	1.1253
118.65	1.103
118.7	1.0859
118.75	1.0927
118.8	1.1133
118.85	1.127
118.9	1.1493
118.95	1.1527
119	1.1561
119.05	1.1887
119.1	1.2126
119.15	1.2537
119.2	1.2709
119.25	1.2537
119.3	1.2229
119.35	1.1664
119.4	1.1236
119.45	1.0859
119.5	1.0379
119.55	1.0396
119.6	1.0619
119.65	1.0619
119.7	1.0242
119.75	0.9848
119.8	0.9865
119.85	0.9882
119.9	0.9917
119.95	0.9968
120	0.9882
120.05	0.9985
120.1	0.9848
120.15	0.9985
120.2	1.0156
120.25	1.067
120.3	1.1064
120.35	1.1647
120.4	1.2075
120.45	1.264
120.5	1.3034
120.55	1.3377
120.6	1.3531
120.65	1.3411
120.7	1.2931
120.75	1.2229
120.8	1.1612
120.85	1.1116
120.9	1.0499
120.95	1.0088
121	0.9197
121.05	0.918
121.1	0.9266
121.15	0.9334
121.2	0.9591
121.25	1.0499
121.3	1.1355
121.35	1.1972
121.4	1.2486
121.45	1.2743
121.5	1.2452
121.55	1.1818
121.6	1.1218
121.65	1.0859
121.7	1.0311
121.75	1.0413
121.8	1.0379
121.85	1.0516
121.9	1.0619
121.95	1.0602
122	1.0944
122.05	1.1561
122.1	1.1681
122.15	1.1921
122.2	1.1698
122.25	1.1304
122.3	1.091
122.35	1.0705
122.4	1.0345
122.45	1.0122
122.5	1.0208
122.55	1.0585
122.6	1.1544
122.65	1.2829
122.7	1.4028
122.75	1.533
122.8	1.5998
122.85	1.6597
122.9	1.658
122.95	1.5843
123	1.4816
123.05	1.3805
123.1	1.2486
123.15	1.1321
123.2	1.0756
123.25	1.0396
123.3	1.0139
123.35	1.0088
123.4	1.0653
123.45	1.1612
123.5	1.2246
123.55	1.3086
123.6	1.3788
123.65	1.4302
123.7	1.4216
123.75	1.3908
123.8	1.3
123.85	1.2332
123.9	1.1321
123.95	1.0653
124	1.0071
124.05	0.9368
124.1	0.8752
124.15	0.8221
124.2	0.7981
124.25	0.8067
124.3	0.8358
124.35	0.87
124.4	0.9043
124.45	0.918
124.5	0.9728
124.55	1.0328
124.6	1.1253
124.65	1.2075
124.7	1.3171
124.75	1.3805
124.8	1.4627
124.85	1.509
124.9	1.5381
124.95	1.5467
125	1.5501
125.05	1.5312
125.1	1.4439
125.15	1.4045
125.2	1.3651
125.25	1.3051
125.3	1.2657
125.35	1.2931
125.4	1.3291
125.45	1.3822
125.5	1.4268
125.55	1.5227
125.6	1.6306
125.65	1.7231
125.7	1.7762
125.75	1.7282
125.8	1.6529
125.85	1.5449
125.9	1.4387
125.95	1.2829
126	1.1064
126.05	0.9643
126.1	0.8169
126.15	0.7244
126.2	0.7039
126.25	0.6919
126.3	0.7347
126.35	0.8341
126.4	0.9214
126.45	0.9899
126.5	1.0996
126.55	1.2092
126.6	1.2931
126.65	1.3565
126.7	1.3788
126.75	1.3959
126.8	1.3343
126.85	1.2914
126.9	1.2366
126.95	1.1989
127	1.1458
127.05	1.1304
127.1	1.1304
127.15	1.1475
127.2	1.163
127.25	1.1612
127.3	1.1749
127.35	1.1869
127.4	1.2332
127.45	1.2863
127.5	1.3428
127.55	1.4011
127.6	1.4524
127.65	1.485
127.7	1.5227
127.75	1.5278
127.8	1.5261
127.85	1.5175
127.9	1.5192
127.95	1.5312
128	1.5192
128.05	1.5124
128.1	1.509
128.15	1.4679
128.2	1.4593
128.25	1.4576
128.3	1.4576
128.35	1.4953
128.4	1.5792
128.45	1.6888
128.5	1.7882
128.55	1.8447
128.6	1.8858
128.65	1.8858
128.7	1.8584
128.75	1.831
128.8	1.7848
128.85	1.7111
128.9	1.61
128.95	1.533
129	1.4507
129.05	1.4062
129.1	1.3771
129.15	1.3343
129.2	1.3154
129.25	1.2846
129.3	1.2469
129.35	1.2229
129.4	1.2092
129.45	1.2126
129.5	1.1972
129.55	1.2058
129.6	1.1938
129.65	1.1835
129.7	1.1767
129.75	1.2024
129.8	1.2246
129.85	1.2486
129.9	1.276
129.95	1.2726
130	1.2863
130.05	1.2623
130.1	1.2315
130.15	1.1835
130.2	1.1664
130.25	1.1287
130.3	1.115
130.35	1.1133
130.4	1.1321
130.45	1.1681
130.5	1.1938
130.55	1.1955
130.6	1.1715
130.65	1.139
130.7	1.0807
130.75	1.0088
130.8	0.9214
130.85	0.8409
130.9	0.7656
130.95	0.709
131	0.6902
131.05	0.7022
131.1	0.7399
131.15	0.7981
131.2	0.8461
131.25	0.9403
131.3	1.0122
131.35	1.0585
131.4	1.0807
131.45	1.0602
131.5	0.9917
131.55	0.9643
131.6	0.9146
131.65	0.8461
131.7	0.8067
131.75	0.7947
131.8	0.8272
131.85	0.8752
131.9	0.9317
131.95	1.0019
132	1.0585
132.05	1.0996
132.1	1.1201
132.15	1.1064
132.2	1.0773
132.25	1.0156
132.3	0.9077
132.35	0.7878
132.4	0.6645
132.45	0.5703
132.5	0.4709
132.55	0.4178
132.6	0.4093
132.65	0.4264
132.7	0.4452
132.75	0.524
132.8	0.6525
132.85	0.7912
132.9	0.9488
132.95	1.0807
133	1.2058
133.05	1.2794
133.1	1.3223
133.15	1.3325
133.2	1.3651
133.25	1.4062
133.3	1.4045
133.35	1.425
133.4	1.4045
133.45	1.4268
133.5	1.4439
133.55	1.4336
133.6	1.4268
133.65	1.3651
133.7	1.2966
133.75	1.2692
133.8	1.2178
133.85	1.139
133.9	1.1201
133.95	1.0842
134	1.0259
134.05	0.9985
134.1	0.9848
134.15	0.9574
134.2	0.9557
134.25	0.9591
134.3	0.9266
134.35	0.8974
134.4	0.8529
134.45	0.8049
134.5	0.7621
134.55	0.733
134.6	0.6782
134.65	0.6354
134.7	0.6114
134.75	0.6182
134.8	0.6422
134.85	0.7176
134.9	0.7878
134.95	0.87
135	0.918
135.05	0.9934
135.1	1.0516
135.15	1.1099
135.2	1.1253
135.25	1.1133
135.3	1.0979
135.35	1.043
135.4	0.9848
135.45	0.9351
135.5	0.8837
135.55	0.8512
135.6	0.8443
135.65	0.8272
135.7	0.8426
135.75	0.8495
135.8	0.8512
135.85	0.8581
135.9	0.8889
135.95	0.954
136	1.0345
136.05	1.1493
136.1	1.2469
136.15	1.3548
136.2	1.461
136.25	1.5586
136.3	1.6717
136.35	1.7265
136.4	1.7728
136.45	1.7505
136.5	1.7042
136.55	1.622
136.6	1.5586
136.65	1.4799
136.7	1.3942
136.75	1.3548
136.8	1.3308
136.85	1.3325
136.9	1.3103
136.95	1.3377
137	1.348
137.05	1.3788
137.1	1.3754
137.15	1.3291
137.2	1.2829
137.25	1.2229
137.3	1.127
137.35	1.0602
137.4	0.9608
137.45	0.8306
137.5	0.7176
137.55	0.6422
137.6	0.6508
137.65	0.7107
137.7	0.8238
137.75	0.9643
137.8	1.1287
137.85	1.2537
137.9	1.3719
137.95	1.5021
138	1.6323
138.05	1.7539
138.1	1.8361
138.15	1.8498
138.2	1.8618
138.25	1.807
138.3	1.7762
138.35	1.67
138.4	1.5415
138.45	1.4353
138.5	1.336
138.55	1.2161
138.6	1.091
138.65	0.9882
138.7	0.8581
138.75	0.7313
138.8	0.6439
138.85	0.596
138.9	0.5994
138.95	0.6251
139	0.697
139.05	0.7125
139.1	0.7604
139.15	0.8118
139.2	0.8375
139.25	0.8615
139.3	0.8512
139.35	0.8392
139.4	0.8067
139.45	0.769
139.5	0.6765
139.55	0.6491
139.6	0.5925
139.65	0.5292
139.7	0.5
139.75	0.4829
139.8	0.4658
139.85	0.4709
139.9	0.4915
139.95	0.5514
140	0.6508
140.05	0.7621
140.1	0.8786
140.15	1.0208
140.2	1.1869
140.25	1.3103
140.3	1.4627
140.35	1.5741
140.4	1.6529
140.45	1.694
140.5	1.6974
140.55	1.658
140.6	1.6015
140.65	1.497
140.7	1.3993
140.75	1.2623
140.8	1.1424
140.85	1.0482
140.9	0.9694
140.95	0.9214
141	0.918
141.05	0.9865
141.1	1.0276
141.15	1.091
141.2	1.1749
141.25	1.2863
141.3	1.3668
141.35	1.437
141.4	1.5038
141.45	1.5381
141.5	1.5432
141.55	1.5449
141.6	1.5689
141.65	1.5775
141.7	1.5621
141.75	1.5672
141.8	1.5672
141.85	1.5826
141.9	1.5878
141.95	1.5998
142	1.6237
142.05	1.6357
142.1	1.6186
142.15	1.622
142.2	1.5672
142.25	1.497
142.3	1.3976
142.35	1.3223
142.4	1.2366
142.45	1.1441
142.5	1.0379
142.55	0.9129
142.6	0.8118
142.65	0.697
142.7	0.6405
142.75	0.6302
142.8	0.6319
142.85	0.6645
142.9	0.7467
142.95	0.8546
143	0.9231
143.05	1.0088
143.1	1.0842
143.15	1.1647
143.2	1.2092
143.25	1.24
143.3	1.2418
143.35	1.2469
143.4	1.228
143.45	1.2418
143.5	1.2452
143.55	1.2589
143.6	1.2435
143.65	1.2674
143.7	1.2829
143.75	1.3343
143.8	1.3754
143.85	1.4336
143.9	1.4918
143.95	1.5569
144	1.6032
144.05	1.6443
144.1	1.6255
144.15	1.5586
144.2	1.497
144.25	1.425
144.3	1.3291
144.35	1.2143
144.4	1.1099
144.45	0.9985
144.5	0.954
144.55	0.9677
144.6	0.9848
144.65	1.055
144.7	1.1338
144.75	1.2298
144.8	1.3154
144.85	1.3925
144.9	1.4456
144.95	1.4353
145	1.3651
145.05	1.2366
145.1	1.0602
145.15	0.8803
145.2	0.6936
145.25	0.5103
145.3	0.3287
145.35	0.1849
145.4	0.0838
145.45	0.0615
145.5	0.1249
145.55	0.2465
145.6	0.4024
145.65	0.6011
145.7	0.8221
145.75	1.0722
145.8	1.2657
145.85	1.4285
145.9	1.5569
145.95	1.6066
146	1.6631
146.05	1.6888
146.1	1.67
146.15	1.6734
146.2	1.6837
146.25	1.7248
146.3	1.7779
146.35	1.8584
146.4	1.9561
146.45	2.0777
146.5	2.1496
146.55	2.2216
146.6	2.2541
146.65	2.225
146.7	2.1462
146.75	2.0417
146.8	1.903
146.85	1.7625
146.9	1.5895
146.95	1.4302
147	1.3137
147.05	1.2452
147.1	1.2246
147.15	1.252
147.2	1.3565
147.25	1.4593
147.3	1.6049
147.35	1.7248
147.4	1.8156
147.45	1.9115
147.5	1.9492
147.55	1.9646
147.6	1.9423
147.65	1.8567
147.7	1.7436
147.75	1.6237
147.8	1.509
147.85	1.4285
147.9	1.4216
147.95	1.4747
148	1.509
148.05	1.5758
148.1	1.67
148.15	1.7334
148.2	1.7711
148.25	1.8259
148.3	1.8516
148.35	1.8122
148.4	1.7419
148.45	1.646
148.5	1.509
148.55	1.3582
148.6	1.2161
148.65	1.0824
148.7	0.9814
148.75	0.9163
148.8	0.894
148.85	0.9231
148.9	0.9848
148.95	1.0979
149	1.2503
149.05	1.3891
149.1	1.5175
149.15	1.6169
149.2	1.6597
149.25	1.6066
149.3	1.5192
149.35	1.3736
149.4	1.1698
149.45	0.9574
149.5	0.7005
149.55	0.4641
149.6	0.2619
149.65	0.1369
149.7	0.0701
149.75	0.0684
149.8	0.1061
149.85	0.2345
149.9	0.4058
149.95	0.6062
150	0.8478
150.05	1.0019
150.1	1.1818
150.15	1.3394
150.2	1.4867
150.25	1.5792
150.3	1.7008
150.35	1.7933
150.4	1.8824
150.45	1.9509
150.5	1.9937
150.55	2.0143
150.6	2.0263
150.65	2.0057
150.7	1.9543
150.75	1.9047
150.8	1.8207
150.85	1.7334
150.9	1.6717
150.95	1.5724
151	1.4987
151.05	1.4661
151.1	1.4302
151.15	1.3908
151.2	1.3891
151.25	1.3856
151.3	1.3805
151.35	1.4079
151.4	1.449
151.45	1.4833
151.5	1.5347
151.55	1.5586
151.6	1.5706
151.65	1.5586
151.7	1.5518
151.75	1.5295
151.8	1.5073
151.85	1.4764
151.9	1.4165
151.95	1.3205
152	1.2589
152.05	1.2075
152.1	1.2041
152.15	1.1921
152.2	1.2143
152.25	1.2452
152.3	1.288
152.35	1.3086
152.4	1.3599
152.45	1.4268
152.5	1.4781
152.55	1.4936
152.6	1.4833
152.65	1.4576
152.7	1.4781
152.75	1.4833
152.8	1.485
152.85	1.4833
152.9	1.4644
152.95	1.4113
153	1.3394
153.05	1.2606
153.1	1.1784
153.15	1.0739
153.2	0.9728
153.25	0.8974
153.3	0.8923
153.35	0.8632
153.4	0.9231
153.45	1.0054
153.5	1.0824
153.55	1.1955
153.6	1.3445
153.65	1.4918
153.7	1.6083
153.75	1.7539
153.8	1.8721
153.85	1.9047
153.9	1.9167
153.95	1.8447
154	1.7659
154.05	1.6717
154.1	1.5929
154.15	1.5381
154.2	1.5295
154.25	1.5261
154.3	1.5415
154.35	1.5741
154.4	1.5963
154.45	1.658
154.5	1.6923
154.55	1.67
154.6	1.6015
154.65	1.5244
154.7	1.4028
154.75	1.3257
154.8	1.2246
154.85	1.1253
154.9	1.0807
154.95	1.0722
155	1.0824
155.05	1.1099
155.1	1.1767
155.15	1.1972
155.2	1.2366
155.25	1.2692
155.3	1.2794
155.35	1.2452
155.4	1.1818
155.45	1.0842
155.5	1.0139
155.55	0.9266
155.6	0.8666
155.65	0.8512
155.7	0.8324
155.75	0.7947
155.8	0.8289
155.85	0.8889
155.9	0.9163
155.95	0.9523
156	1.0448
156.05	1.103
156.1	1.1904
156.15	1.2811
156.2	1.3257
156.25	1.3137
156.3	1.2726
156.35	1.2246
156.4	1.1561
156.45	1.0893
156.5	1.0002
156.55	0.9266
156.6	0.8803
156.65	0.8923
156.7	0.9283
156.75	0.9934
156.8	1.1236
156.85	1.2435
156.9	1.3719
156.95	1.5141
157	1.6649
157.05	1.8019
157.1	1.8927
157.15	2.0126
157.2	2.0623
157.25	2.0794
157.3	2.0588
157.35	2.0177
157.4	1.992
157.45	1.9286
157.5	1.867
157.55	1.8105
157.6	1.7454
157.65	1.6837
157.7	1.6443
157.75	1.634
157.8	1.6323
157.85	1.598
157.9	1.5878
157.95	1.6357
158	1.6649
158.05	1.7334
158.1	1.7659
158.15	1.7573
158.2	1.7351
158.25	1.6683
158.3	1.5946
158.35	1.4953
158.4	1.3771
158.45	1.2332
158.5	1.1201
158.55	1.0276
158.6	0.9797
158.65	0.9917
158.7	1.079
158.75	1.2109
158.8	1.3788
158.85	1.5655
158.9	1.7454
158.95	1.9526
159	2.0897
159.05	2.2113
159.1	2.2661
159.15	2.261
159.2	2.1667
159.25	1.992
159.3	1.7865
159.35	1.5998
159.4	1.4096
159.45	1.2606
159.5	1.1852
159.55	1.1407
159.6	1.1852
159.65	1.3086
159.7	1.4644
159.75	1.6409
159.8	1.8841
159.85	2.0691
159.9	2.2267
159.95	2.3398
160	2.374
160.05	2.3552
160.1	2.2747
160.15	2.1736
160.2	2.0503
160.25	1.9098
160.3	1.7659
160.35	1.6974
160.4	1.634
160.45	1.5775
160.5	1.5518
160.55	1.5364
160.6	1.5415
160.65	1.5809
160.7	1.634
160.75	1.6666
160.8	1.7128
160.85	1.7402
160.9	1.7402
160.95	1.7214
161	1.718
161.05	1.7368
161.1	1.7625
161.15	1.8139
161.2	1.8584
161.25	1.9184
161.3	1.968
161.35	1.9972
161.4	1.9817
161.45	1.9475
161.5	1.8327
161.55	1.682
161.6	1.5381
161.65	1.3668
161.7	1.2503
161.75	1.1441
161.8	1.079
161.85	1.0807
161.9	1.1493
161.95	1.2503
162	1.3942
162.05	1.5398
162.1	1.7214
162.15	1.8841
162.2	2.0057
162.25	2.1171
162.3	2.2181
162.35	2.2079
162.4	2.1787
162.45	2.1787
162.5	2.1393
162.55	2.0931
162.6	2.0605
162.65	1.992
162.7	1.9201
162.75	1.8618
162.8	1.8293
162.85	1.7573
162.9	1.6631
162.95	1.5758
163	1.4987
163.05	1.4148
163.1	1.3257
163.15	1.3205
163.2	1.3394
163.25	1.3668
163.3	1.3976
163.35	1.4713
163.4	1.5107
163.45	1.5809
163.5	1.634
163.55	1.6717
163.6	1.7111
163.65	1.7231
163.7	1.6923
163.75	1.6426
163.8	1.5775
163.85	1.5021
163.9	1.4473
163.95	1.4199
164	1.3788
164.05	1.3874
164.1	1.4011
164.15	1.4559
164.2	1.4867
164.25	1.5552
164.3	1.61
164.35	1.7008
164.4	1.8207
164.45	1.9047
164.5	1.9578
164.55	2.0126
164.6	2.0623
164.65	2.0725
164.7	2.0931
164.75	2.0931
164.8	2.0845
164.85	2.0777
164.9	2.0605
164.95	2.028
165	2.0074
165.05	1.9715
165.1	1.9218
165.15	1.8601
165.2	1.8156
165.25	1.7539
165.3	1.6991
165.35	1.6186
165.4	1.5501
165.45	1.5004
165.5	1.4593
165.55	1.4833
165.6	1.5604
165.65	1.6083
165.7	1.6888
165.75	1.783
165.8	1.855
165.85	1.8807
165.9	1.9286
165.95	1.9321
166	1.9338
166.05	1.9149
166.1	1.8995
166.15	1.891
166.2	1.8533
166.25	1.7779
166.3	1.7436
166.35	1.7317
166.4	1.6974
166.45	1.6529
166.5	1.6631
166.55	1.6923
166.6	1.7111
166.65	1.7334
166.7	1.7385
166.75	1.718
166.8	1.6871
166.85	1.6374
166.9	1.5484
166.95	1.4627
167	1.3719
167.05	1.3257
167.1	1.3051
167.15	1.3274
167.2	1.4028
167.25	1.5586
167.3	1.7145
167.35	1.879
167.4	2.0537
167.45	2.1959
167.5	2.2832
167.55	2.3637
167.6	2.3826
167.65	2.326
167.7	2.1993
167.75	2.0383
167.8	1.8567
167.85	1.6768
167.9	1.5312
167.95	1.437
168	1.3925
168.05	1.4045
168.1	1.4216
168.15	1.5004
168.2	1.5861
168.25	1.6905
168.3	1.7796
168.35	1.8841
168.4	1.9252
168.45	1.8892
168.5	1.8036
168.55	1.7162
168.6	1.6306
168.65	1.521
168.7	1.4011
168.75	1.2555
168.8	1.1595
168.85	1.1424
168.9	1.1355
168.95	1.1698
169	1.2143
169.05	1.2949
169.1	1.4268
169.15	1.5929
169.2	1.7454
169.25	1.8858
169.3	1.9817
169.35	2.0554
169.4	2.1342
169.45	2.1856
169.5	2.1907
169.55	2.1479
169.6	2.1171
169.65	2.0623
169.7	2.0263
169.75	1.9989
169.8	1.9852
169.85	1.9937
169.9	2.004
169.95	2.0194
170	2.0503
170.05	2.0999
170.1	2.1462
170.15	2.1736
170.2	2.2233
170.25	2.2267
170.3	2.2627
170.35	2.2558
170.4	2.2336
170.45	2.2267
170.5	2.1839
170.55	2.1171
170.6	2.0657
170.65	2.0571
170.7	2.0503
170.75	2.0297
170.8	2.0434
170.85	2.0931
170.9	2.1359
170.95	2.165
171	2.1822
171.05	2.153
171.1	2.1034
171.15	2.0229
171.2	1.9286
171.25	1.8276
171.3	1.7505
171.35	1.6563
171.4	1.5741
171.45	1.4918
171.5	1.3993
171.55	1.3531
171.6	1.3274
171.65	1.312
171.7	1.324
171.75	1.3325
171.8	1.336
171.85	1.4028
171.9	1.473
171.95	1.5364
172	1.6032
172.05	1.6649
172.1	1.7282
172.15	1.8122
172.2	1.9115
172.25	1.9766
172.3	2.0914
172.35	2.1873
172.4	2.2815
172.45	2.3415
172.5	2.4134
172.55	2.4614
172.6	2.4802
172.65	2.4494
172.7	2.3826
172.75	2.3021
172.8	2.2164
172.85	2.1256
172.9	2.0383
172.95	1.968
173	1.9749
173.05	2.0006
173.1	2.0691
173.15	2.1633
173.2	2.261
173.25	2.3603
173.3	2.4597
173.35	2.559
173.4	2.6018
173.45	2.631
173.5	2.631
173.55	2.5641
173.6	2.5025
173.65	2.4631
173.7	2.398
173.75	2.3209
173.8	2.2061
173.85	2.0931
173.9	1.9663
173.95	1.8396
174	1.6888
174.05	1.5689
174.1	1.461
174.15	1.3445
174.2	1.264
174.25	1.2263
174.3	1.2298
174.35	1.2949
174.4	1.413
174.45	1.5484
174.5	1.6803
174.55	1.8618
174.6	2.0417
174.65	2.2216
174.7	2.3672
174.75	2.4374
174.8	2.4391
174.85	2.3706
174.9	2.2181
174.95	2.0348
175	1.8755
175.05	1.7197
175.1	1.5621
175.15	1.437
175.2	1.312
175.25	1.2366
175.3	1.2263
175.35	1.2863
175.4	1.3993
175.45	1.5706
175.5	1.7231
175.55	1.8344
175.6	1.9081
175.65	1.98
175.7	1.9937
175.75	1.9937
175.8	1.9492
175.85	1.9715
175.9	1.9475
175.95	1.9441
176	1.9492
176.05	1.9886
176.1	2.028
176.15	2.0674
176.2	2.1239
176.25	2.153
176.3	2.1342
176.35	2.1102
176.4	2.1034
176.45	2.0623
176.5	1.9955
176.55	1.9167
176.6	1.855
176.65	1.8002
176.7	1.7659
176.75	1.7025
176.8	1.6443
176.85	1.6392
176.9	1.6477
176.95	1.6768
177	1.6854
177.05	1.7008
177.1	1.6854
177.15	1.6614
177.2	1.6135
177.25	1.5449
177.3	1.5261
177.35	1.5227
177.4	1.5449
177.45	1.5826
177.5	1.658
177.55	1.7248
177.6	1.8053
177.65	1.8516
177.7	1.8721
177.75	1.8704
177.8	1.8841
177.85	1.867
177.9	1.8173
177.95	1.7505
178	1.7145
178.05	1.7111
178.1	1.682
178.15	1.6649
178.2	1.6203
178.25	1.5792
178.3	1.5809
178.35	1.5621
178.4	1.5227
178.45	1.4781
178.5	1.4644
178.55	1.4473
178.6	1.4319
178.65	1.4285
178.7	1.449
178.75	1.4713
178.8	1.5175
178.85	1.5604
178.9	1.6135
178.95	1.6803
179	1.7419
179.05	1.7728
179.1	1.8053
179.15	1.807
179.2	1.8396
179.25	1.9167
179.3	1.9749
179.35	2.1017
179.4	2.189
179.45	2.3004
179.5	2.4151
179.55	2.5402
179.6	2.607
179.65	2.6858
179.7	2.7012
179.75	2.6601
179.8	2.6207
179.85	2.5145
179.9	2.4031
179.95	2.3072
180	2.2198
180.05	2.1565
180.1	2.1445
180.15	2.1291
180.2	2.1342
180.25	2.153
180.3	2.1616
180.35	2.1667
180.4	2.1719
180.45	2.1308
180.5	2.0674
180.55	1.9989
180.6	1.8978
180.65	1.8293
180.7	1.7848
180.75	1.7282
180.8	1.6888
180.85	1.7128
180.9	1.7317
180.95	1.7471
181	1.7813
181.05	1.8105
181.1	1.8224
181.15	1.8481
181.2	1.8721
181.25	1.9321
181.3	1.9423
181.35	1.9766
181.4	2.0588
181.45	2.0965
181.5	2.153
181.55	2.2096
181.6	2.2164
181.65	2.2387
181.7	2.2233
181.75	2.1822
181.8	2.1273
181.85	2.0794
181.9	2.0229
181.95	1.992
182	1.9355
182.05	1.9355
182.1	1.9441
182.15	1.9612
182.2	2.0297
182.25	2.0965
182.3	2.1702
182.35	2.2832
182.4	2.3329
182.45	2.4014
182.5	2.4391
182.55	2.4237
182.6	2.4271
182.65	2.3946
182.7	2.326
182.75	2.2747
182.8	2.2216
182.85	2.1479
182.9	2.0571
182.95	2.004
183	1.9167
183.05	1.8224
183.1	1.7488
183.15	1.6803
183.2	1.6237
183.25	1.5741
183.3	1.5672
183.35	1.5826
183.4	1.6237
183.45	1.6991
183.5	1.8139
183.55	1.9115
183.6	2.004
183.65	2.1308
183.7	2.2061
183.75	2.2661
183.8	2.2849
183.85	2.2661
183.9	2.2181
183.95	2.1445
184	2.0468
184.05	1.9372
184.1	1.831
184.15	1.7454
184.2	1.6768
184.25	1.622
184.3	1.6135
184.35	1.6015
184.4	1.6683
184.45	1.7591
184.5	1.8961
184.55	2.0263
184.6	2.1513
184.65	2.249
184.7	2.3072
184.75	2.3329
184.8	2.3106
184.85	2.2438
184.9	2.1051
184.95	1.9629
185	1.8636
185.05	1.7762
185.1	1.694
185.15	1.658
185.2	1.6529
185.25	1.6563
185.3	1.694
185.35	1.7368
185.4	1.8293
185.45	1.9184
185.5	2.0177
185.55	2.0914
185.6	2.1616
185.65	2.2147
185.7	2.2781
185.75	2.3072
185.8	2.2952
185.85	2.2695
185.9	2.1924
185.95	2.1496
186	2.0914
186.05	2.016
186.1	1.9612
186.15	1.9064
186.2	1.8841
186.25	1.8687
186.3	1.867
186.35	1.8567
186.4	1.8601
186.45	1.8807
186.5	1.9201
186.55	1.9406
186.6	2.0057
186.65	2.0383
186.7	2.0965
186.75	2.1479
186.8	2.2061
186.85	2.249
186.9	2.2678
186.95	2.3141
187	2.3449
187.05	2.3586
187.1	2.3877
187.15	2.4579
187.2	2.5059
187.25	2.5282
187.3	2.535
187.35	2.4836
187.4	2.4357
187.45	2.362
187.5	2.2986
187.55	2.1942
187.6	2.1136
187.65	2.016
187.7	1.9423
187.75	1.891
187.8	1.8636
187.85	1.8122
187.9	1.7693
187.95	1.7728
188	1.8002
188.05	1.819
188.1	1.8105
188.15	1.7762
188.2	1.7625
188.25	1.7334
188.3	1.6871
188.35	1.6426
188.4	1.6272
188.45	1.6015
188.5	1.5912
188.55	1.6511
188.6	1.6974
188.65	1.7471
188.7	1.8105
188.75	1.879
188.8	1.9629
188.85	2.0588
188.9	2.1428
188.95	2.2387
189	2.3398
189.05	2.4066
189.1	2.446
189.15	2.4254
189.2	2.3603
189.25	2.2507
189.3	2.1445
189.35	2.0109
189.4	1.879
189.45	1.7693
189.5	1.7042
189.55	1.6614
189.6	1.6203
189.65	1.622
189.7	1.6374
189.75	1.7248
189.8	1.8019
189.85	1.9149
189.9	2.0092
189.95	2.0571
190	2.1102
190.05	2.0982
190.1	2.0383
190.15	1.9852
190.2	1.9372
190.25	1.9252
190.3	1.9509
190.35	1.9869
190.4	2.0674
190.45	2.153
190.5	2.2747
190.55	2.3535
190.6	2.4288
190.65	2.4854
190.7	2.4939
190.75	2.434
190.8	2.3929
190.85	2.3106
190.9	2.189
190.95	2.0948
191	2.0074
191.05	1.9355
191.1	1.8773
191.15	1.8567
191.2	1.8464
191.25	1.8721
191.3	1.8738
191.35	1.8824
191.4	1.8875
191.45	1.867
191.5	1.831
191.55	1.7848
191.6	1.7454
191.65	1.6957
191.7	1.6409
191.75	1.6426
191.8	1.6494
191.85	1.6957
191.9	1.7265
191.95	1.8002
192	1.8653
192.05	1.9372
192.1	2.0023
192.15	2.0725
192.2	2.1205
192.25	2.1188
192.3	2.0794
192.35	2.0348
192.4	1.9989
192.45	2.0126
192.5	2.0366
192.55	2.052
192.6	2.1068
192.65	2.1445
192.7	2.1787
192.75	2.2438
192.8	2.2832
192.85	2.3021
192.9	2.3226
192.95	2.2969
193	2.2678
193.05	2.2387
193.1	2.2198
193.15	2.189
193.2	2.1565
193.25	2.1256
193.3	2.1359
193.35	2.201
193.4	2.2524
193.45	2.3192
193.5	2.4048
193.55	2.4682
193.6	2.5042
193.65	2.5556
193.7	2.5556
193.75	2.5453
193.8	2.5316
193.85	2.4905
193.9	2.4391
193.95	2.374
194	2.3192
194.05	2.2473
194.1	2.1822
194.15	2.1136
194.2	2.028
194.25	1.9612
194.3	1.8464
194.35	1.7539
194.4	1.682
