grating_mod grating_value[um] SAW_freq[Hz] SAW_freq_error[Hz] A[Wm^-2] A_err[Wm^-2] alpha[m^2s^-1] alpha_err[m2s-1] beta[s^0.5] beta_err[s^0.5] B[Wm^-2] B_err[Wm^-2] theta theta_err tau[s] tau_err[s] C[Wm^-2] C_err[Wm^-2]
0.9 5.7663 5.5034899e+08 4918.8211 0.021654554 0.0010002109 2.2142461e-05 3.796358e-07 1.3784742e-05 1.8758827e-06 0.0074722047 7.4045833e-05 1.5511839 0.0065056428 2.3290301e-08 2.8044043e-10 0.00014720178 1.2667556e-05
0.91 5.83037 5.5034899e+08 4918.821 0.02165455 0.0010002011 2.2637245e-05 3.8811055e-07 1.3784743e-05 1.8758697e-06 0.0074722047 7.4045834e-05 1.5511841 0.0065056437 2.3290301e-08 2.8044043e-10 0.00014720147 1.2667644e-05
0.92 5.89444 5.5034899e+08 4918.8209 0.021654547 0.0010001917 2.3137496e-05 3.9667895e-07 1.3784744e-05 1.8758571e-06 0.0074722048 7.4045836e-05 1.5511842 0.0065056442 2.3290301e-08 2.8044043e-10 0.00014720116 1.2667729e-05
0.93 5.95851 5.5034899e+08 4918.8208 0.021654544 0.0010001825 2.3643215e-05 4.0534098e-07 1.3784745e-05 1.8758449e-06 0.0074722048 7.4045837e-05 1.5511843 0.0065056444 2.32903e-08 2.8044043e-10 0.00014720087 1.2667811e-05
0.94 6.02258 5.5034899e+08 4918.8207 0.021063064 0.001327482 2.4143148e-05 4.6886535e-07 9.8152985e-06 2.9744577e-06 0.0080996402 8.3973213e-05 -1.7393964 0.0065356591 2.3007323e-08 2.6826897e-10 0.00015004967 1.2909646e-05
0.95 6.08665 5.5034899e+08 4918.8207 0.021063458 0.0013274808 2.4659703e-05 4.788839e-07 9.8161727e-06 2.9743455e-06 0.0080996377 8.3973227e-05 -1.7393964 0.0065356631 2.3007325e-08 2.6826914e-10 0.00015005213 1.290966e-05
0.96 6.15072 5.5034899e+08 4918.8209 0.02106384 0.0013274796 2.5181724e-05 4.8900846e-07 9.8170238e-06 2.9742363e-06 0.0080996355 8.3973241e-05 -1.7393966 0.0065356645 2.3007328e-08 2.682693e-10 0.00015005454 1.2909674e-05
0.97 6.21479 5.5034899e+08 4918.8212 0.021064209 0.0013274784 2.5709211e-05 4.9923902e-07 9.8178431e-06 2.974131e-06 0.0080996334 8.3973252e-05 -1.7393969 0.0065356679 2.300733e-08 2.6826943e-10 0.00015005685 1.2909686e-05
0.98 6.27886 5.5034899e+08 4918.8218 0.021064565 0.0013274771 2.6242163e-05 5.0957557e-07 9.8186352e-06 2.9740289e-06 0.0080996314 8.3973261e-05 -1.7393975 0.0065356696 2.3007332e-08 2.6826955e-10 0.00015005908 1.2909698e-05
0.99 6.34293 5.50349e+08 4918.8226 0.021064907 0.0013274757 2.678058e-05 5.2001813e-07 9.8193962e-06 2.9739306e-06 0.0080996296 8.3973266e-05 -1.7393984 0.0065356717 2.3007333e-08 2.6826965e-10 0.00015006122 1.290971e-05
1 6.407 5.5034901e+08 4918.8235 0.021065237 0.0013274742 2.7324463e-05 5.3056669e-07 9.8201303e-06 2.9738356e-06 0.0080996279 8.3973269e-05 -1.7393994 0.006535673 2.3007335e-08 2.6826973e-10 0.00015006328 1.2909722e-05
1.01 6.47107 5.5034902e+08 4918.8247 0.021065552 0.0013274726 2.7873809e-05 5.4122125e-07 9.8208309e-06 2.9737445e-06 0.0080996263 8.3973269e-05 -1.7394007 0.0065356739 2.3007336e-08 2.682698e-10 0.00015006525 1.2909733e-05
1.02 6.53514 5.5034903e+08 4918.8259 0.021065857 0.001327471 2.8428622e-05 5.5198182e-07 9.8215095e-06 2.9736562e-06 0.0080996248 8.3973268e-05 -1.739402 0.0065356748 2.3007337e-08 2.6826986e-10 0.00015006715 1.2909744e-05
1.03 6.59921 5.5034904e+08 4918.8272 0.02106615 0.0013274693 2.8988899e-05 5.6284839e-07 9.8221622e-06 2.973571e-06 0.0080996235 8.3973267e-05 -1.7394035 0.0065356761 2.3007338e-08 2.6826991e-10 0.00015006898 1.2909755e-05
1.04 6.66328 5.5034905e+08 4918.8286 0.021066429 0.0013274675 2.955464e-05 5.7382098e-07 9.8227823e-06 2.9734896e-06 0.008099622 8.3973261e-05 -1.739405 0.006535677 2.3007339e-08 2.6826996e-10 0.00015007071 1.2909767e-05
1.05 6.72735 5.5034906e+08 4918.8298 0.02106671 0.001327466 3.0125851e-05 5.8489959e-07 9.8234076e-06 2.9734083e-06 0.0080996208 8.3973261e-05 -1.7394062 0.0065356776 2.300734e-08 2.6827e-10 0.00015007247 1.2909776e-05
1.06 6.79142 5.5034907e+08 4918.8307 0.021066977 0.0013274645 3.0702526e-05 5.9608424e-07 9.8240015e-06 2.9733308e-06 0.0080996194 8.3973261e-05 -1.7394073 0.0065356784 2.3007341e-08 2.6827007e-10 0.00015007413 1.2909787e-05
1.07 6.85549 5.5034901e+08 4918.8232 0.021067347 0.0013274681 3.1284719e-05 6.0737562e-07 9.8248224e-06 2.9732344e-06 0.008099615 8.3973355e-05 -1.739399 0.0065356904 2.3007349e-08 2.6827065e-10 0.00015007653 1.2909797e-05
1.08 6.91956 5.5034901e+08 4918.8232 0.021067612 0.0013274672 3.1872332e-05 6.1877239e-07 9.8254107e-06 2.9731588e-06 0.0080996137 8.3973368e-05 -1.7393989 0.0065356932 2.300735e-08 2.6827075e-10 0.00015007819 1.2909807e-05
1.09 6.98363 5.5034901e+08 4918.8232 0.021067899 0.0013274672 3.2465427e-05 6.3027512e-07 9.8260492e-06 2.9730783e-06 0.008099612 8.3973379e-05 -1.739399 0.0065356951 2.3007352e-08 2.6827086e-10 0.00015008001 1.2909812e-05
1.1 7.0477 5.5034901e+08 4918.8233 0.021068424 0.0013274741 3.3064106e-05 6.4188346e-07 9.8272111e-06 2.9729437e-06 0.0080996089 8.39734e-05 -1.739399 0.0065356993 2.3007356e-08 2.6827108e-10 0.00015008343 1.2909774e-05