grating_mod grating_value[um] SAW_freq[Hz] SAW_freq_error[Hz] A[Wm^-2] A_err[Wm^-2] alpha[m^2s^-1] alpha_err[m2s-1] beta[s^0.5] beta_err[s^0.5] B[Wm^-2] B_err[Wm^-2] theta theta_err tau[s] tau_err[s] C[Wm^-2] C_err[Wm^-2]
0.9 5.7663 5.5045333e+08 2962.9614 0.028914629 0.0011278659 2.335954e-05 3.5109384e-07 2.1807562e-05 1.2505696e-06 0.0088882123 7.5276045e-05 1.31237 0.0055671516 2.3901678e-08 2.4628164e-10 -0.00023558269 1.249998e-05
0.91 5.83037 5.5045332e+08 2962.9644 0.028914608 0.0011278548 2.3881513e-05 3.589314e-07 2.1807547e-05 1.250563e-06 0.0088882099 7.5276053e-05 1.3123717 0.0055671544 2.3901681e-08 2.4628176e-10 -0.00023558284 1.2500063e-05
0.92 5.89444 5.5045373e+08 2962.8779 0.028914459 0.0011278344 2.4409217e-05 3.6685326e-07 2.1807381e-05 1.2505581e-06 0.0088882725 7.5275861e-05 1.3123231 0.0055670948 2.3901585e-08 2.4627819e-10 -0.00023558369 1.2500078e-05
0.93 5.95851 5.5045374e+08 2962.8776 0.028914433 0.0011278236 2.4942722e-05 3.7486391e-07 2.180736e-05 1.2505521e-06 0.0088882726 7.527586e-05 1.3123229 0.0055670955 2.3901584e-08 2.4627818e-10 -0.00023558387 1.2500154e-05
0.94 6.02258 5.5045374e+08 2962.8776 0.027304268 0.0014464323 2.5018031e-05 4.3162762e-07 1.8021876e-05 2.0401528e-06 0.0096106349 8.6226922e-05 -1.803453 0.0056485918 2.3253485e-08 2.3507415e-10 -0.00024190608 1.2936448e-05
0.95 6.08665 5.5045373e+08 2962.8779 0.027304206 0.0014464177 2.5553142e-05 4.4085099e-07 1.8021789e-05 2.0401471e-06 0.009610635 8.6226922e-05 -1.8034529 0.0056485919 2.3253485e-08 2.3507415e-10 -0.00024190663 1.2936531e-05
0.96 6.15072 5.5045373e+08 2962.8784 0.027304139 0.0014464034 2.6093912e-05 4.5017197e-07 1.8021692e-05 2.0401426e-06 0.0096106351 8.6226924e-05 -1.8034526 0.0056485929 2.3253484e-08 2.3507415e-10 -0.00024190721 1.2936612e-05
0.97 6.21479 5.5045332e+08 2962.964 0.027303947 0.0014463978 2.6640314e-05 4.5959435e-07 1.8021427e-05 2.0401692e-06 0.0096106107 8.6227457e-05 -1.8033993 0.0056486471 2.3253502e-08 2.3507649e-10 -0.00024190818 1.29368e-05
0.98 6.27886 5.5045361e+08 2962.9039 0.027303951 0.001446378 2.7192424e-05 4.6910789e-07 1.8021427e-05 2.0401456e-06 0.0096106283 8.6227081e-05 -1.8034367 0.0056486079 2.3253489e-08 2.3507483e-10 -0.00024190855 1.2936802e-05
0.99 6.34293 5.5045362e+08 2962.9011 0.027303872 0.0014463641 2.7750176e-05 4.7872158e-07 1.8021313e-05 2.0401431e-06 0.0096106295 8.6227063e-05 -1.8034384 0.0056486071 2.3253488e-08 2.3507474e-10 -0.00024190919 1.2936875e-05
1 6.407 5.5045364e+08 2962.8981 0.027303788 0.0014463504 2.8313588e-05 4.8843286e-07 1.8021193e-05 2.0401415e-06 0.0096106307 8.6227043e-05 -1.8034403 0.0056486042 2.3253487e-08 2.3507464e-10 -0.00024190985 1.2936946e-05
1.01 6.47107 5.5045365e+08 2962.8948 0.027303699 0.0014463369 2.8882659e-05 4.9824174e-07 1.8021066e-05 2.0401408e-06 0.009610632 8.6227022e-05 -1.8034423 0.0056486019 2.3253486e-08 2.3507454e-10 -0.00024191053 1.2937016e-05
1.02 6.53514 5.5045367e+08 2962.8913 0.027303606 0.0014463236 2.9457391e-05 5.081482e-07 1.8020932e-05 2.0401409e-06 0.0096106334 8.6227e-05 -1.8034445 0.0056486002 2.3253484e-08 2.3507443e-10 -0.00024191123 1.2937085e-05
1.03 6.59921 5.5045369e+08 2962.8875 0.027303372 0.0014463071 3.0037736e-05 5.1815242e-07 1.8020598e-05 2.0401588e-06 0.0096106357 8.6226978e-05 -1.8034469 0.0056485971 2.3253482e-08 2.3507428e-10 -0.0002419127 1.293717e-05
1.04 6.66328 5.5045371e+08 2962.8836 0.02730303 0.0014462883 3.0623701e-05 5.2825436e-07 1.8020108e-05 2.0401907e-06 0.0096106385 8.6226957e-05 -1.8034493 0.0056485936 2.3253479e-08 2.3507411e-10 -0.00024191477 1.2937268e-05
1.05 6.72735 5.5045373e+08 2962.8796 0.027302682 0.0014462697 3.1215323e-05 5.3845391e-07 1.801961e-05 2.0402234e-06 0.0096106415 8.6226936e-05 -1.8034517 0.0056485902 2.3253475e-08 2.3507394e-10 -0.00024191687 1.2937365e-05
1.06 6.79142 5.5045375e+08 2962.8755 0.027302332 0.0014462513 3.1812602e-05 5.4875107e-07 1.8019109e-05 2.0402568e-06 0.0096106443 8.6226913e-05 -1.8034543 0.0056485865 2.3253472e-08 2.3507377e-10 -0.00024191897 1.2937461e-05
1.07 6.85549 5.5045376e+08 2962.8714 0.027301979 0.001446233 3.2415537e-05 5.5914584e-07 1.8018603e-05 2.0402907e-06 0.0096106474 8.6226891e-05 -1.8034568 0.0056485841 2.3253469e-08 2.3507359e-10 -0.00024192109 1.2937556e-05
1.08 6.91956 5.5045378e+08 2962.8674 0.027301623 0.001446215 3.302413e-05 5.6963823e-07 1.8018094e-05 2.0403253e-06 0.0096106504 8.622687e-05 -1.8034593 0.00564858 2.3253466e-08 2.3507342e-10 -0.00024192322 1.293765e-05
1.09 6.98363 5.504538e+08 2962.8635 0.027301266 0.0014461972 3.3638379e-05 5.8022823e-07 1.8017583e-05 2.0403603e-06 0.0096106533 8.6226849e-05 -1.8034617 0.0056485766 2.3253462e-08 2.3507325e-10 -0.00024192535 1.2937742e-05
1.1 7.0477 5.5045346e+08 2962.9345 0.027300808 0.0014461871 3.4258254e-05 5.9092012e-07 1.8016934e-05 2.0404217e-06 0.0096106348 8.6227296e-05 -1.8034175 0.0056486214 2.3253474e-08 2.3507513e-10 -0.00024192779 1.2937928e-05