grating_mod grating_value[um] SAW_freq[Hz] SAW_freq_error[Hz] A[Wm^-2] A_err[Wm^-2] alpha[m^2s^-1] alpha_err[m2s-1] beta[s^0.5] beta_err[s^0.5] B[Wm^-2] B_err[Wm^-2] theta theta_err tau[s] tau_err[s] C[Wm^-2] C_err[Wm^-2]
0.9 5.7663 5.5052802e+08 4029.8022 0.023454982 0.0011243725 2.2512657e-05 3.8403324e-07 1.1851364e-05 2.0344007e-06 0.0084183542 7.8991755e-05 1.3048492 0.0061674156 2.3841966e-08 2.7207433e-10 -0.00018304705 1.3522597e-05
0.91 5.83037 5.50528e+08 4029.805 0.023454851 0.001124359 2.301567e-05 3.9260638e-07 1.1851134e-05 2.034405e-06 0.008418352 7.8991761e-05 1.3048508 0.0061674189 2.3841969e-08 2.7207446e-10 -0.00018304827 1.3522713e-05
0.92 5.89444 5.5052799e+08 4029.8072 0.023454724 0.0011243459 2.3524242e-05 4.0127423e-07 1.185091e-05 2.0344091e-06 0.0084183502 7.8991765e-05 1.304852 0.0061674205 2.3841971e-08 2.7207457e-10 -0.00018304947 1.3522824e-05
0.93 5.95851 5.5052799e+08 4029.8089 0.023454601 0.0011243331 2.4038372e-05 4.100368e-07 1.1850693e-05 2.0344131e-06 0.0084183487 7.8991766e-05 1.3048529 0.0061674223 2.3841973e-08 2.7207466e-10 -0.00018305062 1.3522932e-05
0.94 6.02258 5.5052798e+08 4029.81 0.022155135 0.0014581847 2.438073e-05 4.737495e-07 6.3666549e-06 3.322169e-06 0.0090965539 9.0243656e-05 -1.8091245 0.0062457228 2.3238307e-08 2.5972479e-10 -0.00018276336 1.3857907e-05
0.95 6.08665 5.5052797e+08 4029.8131 0.022152737 0.0014581046 2.490144e-05 4.8387659e-07 6.3612429e-06 3.3227382e-06 0.0090965657 9.0243625e-05 -1.8091225 0.0062457133 2.3238287e-08 2.597241e-10 -0.00018277883 1.3858387e-05
0.96 6.15072 5.5052795e+08 4029.8163 0.022150393 0.0014580265 2.5427654e-05 4.9411089e-07 6.355952e-06 3.323295e-06 0.0090965773 9.0243597e-05 -1.8091204 0.0062457044 2.3238267e-08 2.5972344e-10 -0.00018279395 1.3858857e-05
0.97 6.21479 5.5052794e+08 4029.8185 0.022148111 0.0014579503 2.5959374e-05 5.0445232e-07 6.3507982e-06 3.3238372e-06 0.0090965889 9.0243563e-05 -1.8091189 0.0062456935 2.3238248e-08 2.5972275e-10 -0.00018280867 1.3859312e-05
0.98 6.27886 5.5052794e+08 4029.8197 0.022145891 0.0014578761 2.6496601e-05 5.1490088e-07 6.3457842e-06 3.3243645e-06 0.0090966004 9.0243523e-05 -1.8091181 0.0062456838 2.3238229e-08 2.5972207e-10 -0.000182823 1.3859754e-05
0.99 6.34293 5.5052793e+08 4029.8201 0.022143733 0.0014578039 2.7039336e-05 5.2545658e-07 6.3409083e-06 3.3248771e-06 0.0090966119 9.0243479e-05 -1.8091177 0.0062456722 2.323821e-08 2.5972137e-10 -0.00018283693 1.3860183e-05
1 6.407 5.5052793e+08 4029.8198 0.022141638 0.0014577338 2.7587581e-05 5.3611942e-07 6.3361745e-06 3.3253745e-06 0.0090966232 9.0243432e-05 -1.8091178 0.0062456616 2.3238193e-08 2.5972068e-10 -0.00018285047 1.3860598e-05
1.01 6.47107 5.5052827e+08 4029.75 0.022140219 0.0014576739 2.8141559e-05 5.4688509e-07 6.3329757e-06 3.3256846e-06 0.0090966533 9.0242926e-05 -1.8091613 0.0062456012 2.3238175e-08 2.5971805e-10 -0.00018285985 1.3860821e-05
1.02 6.53514 5.5052827e+08 4029.7483 0.022138458 0.0014576136 2.8700908e-05 5.5776175e-07 6.3289957e-06 3.3261004e-06 0.0090966633 9.0242877e-05 -1.8091622 0.0062455924 2.3238159e-08 2.5971743e-10 -0.00018287125 1.3861176e-05
1.03 6.59921 5.5052828e+08 4029.7464 0.02213713 0.0014575657 2.9265915e-05 5.6874492e-07 6.3259942e-06 3.3264097e-06 0.009096671 9.0242835e-05 -1.8091633 0.0062455844 2.3238148e-08 2.5971693e-10 -0.00018287989 1.3861458e-05
1.04 6.66328 5.5052829e+08 4029.7444 0.022135868 0.0014575199 2.9836446e-05 5.7983518e-07 6.3231422e-06 3.326703e-06 0.0090966784 9.0242793e-05 -1.8091646 0.006245575 2.3238137e-08 2.5971646e-10 -0.0001828881 1.3861727e-05
1.05 6.72735 5.505283e+08 4029.7422 0.022134671 0.0014574763 3.0412501e-05 5.9103253e-07 6.3204351e-06 3.326981e-06 0.0090966855 9.0242752e-05 -1.8091659 0.0062455681 2.3238127e-08 2.59716e-10 -0.0001828959 1.3861983e-05
1.06 6.79142 5.5052832e+08 4029.7398 0.022133531 0.0014574344 3.0994078e-05 6.0233698e-07 6.3178575e-06 3.3272452e-06 0.0090966923 9.0242711e-05 -1.8091673 0.006245561 2.3238117e-08 2.5971555e-10 -0.00018290333 1.3862228e-05
1.07 6.85549 5.5052833e+08 4029.7373 0.02213245 0.0014573945 3.1581178e-05 6.1374853e-07 6.3154133e-06 3.3274953e-06 0.0090966989 9.0242669e-05 -1.8091688 0.0062455533 2.3238107e-08 2.5971512e-10 -0.00018291038 1.3862461e-05
1.08 6.91956 5.5052834e+08 4029.7346 0.022131427 0.0014573564 3.2173804e-05 6.2526716e-07 6.3131006e-06 3.3277314e-06 0.0090967052 9.0242629e-05 -1.8091704 0.0062455459 2.3238098e-08 2.5971471e-10 -0.00018291705 1.3862683e-05
1.09 6.98363 5.5052835e+08 4029.7319 0.022130461 0.0014573202 3.2771954e-05 6.3689288e-07 6.3109155e-06 3.327954e-06 0.0090967113 9.0242589e-05 -1.8091721 0.0062455393 2.323809e-08 2.5971431e-10 -0.00018292336 1.3862895e-05
1.1 7.0477 5.5052837e+08 4029.7292 0.022129548 0.0014572857 3.3375629e-05 6.4862569e-07 6.3088497e-06 3.3281639e-06 0.009096717 9.024255e-05 -1.8091738 0.0062455328 2.3238082e-08 2.5971393e-10 -0.00018292933 1.3863096e-05