grating_mod grating_value[um] SAW_freq[Hz] SAW_freq_error[Hz] A[Wm^-2] A_err[Wm^-2] alpha[m^2s^-1] alpha_err[m2s-1] beta[s^0.5] beta_err[s^0.5] B[Wm^-2] B_err[Wm^-2] theta theta_err tau[s] tau_err[s] C[Wm^-2] C_err[Wm^-2]
0.9 5.82327 4.5618627e+08 3743.9662 0.072705508 0.00017097239 1.9543724e-05 6.913159e-08 2.613566e-10 NaN 0.01666578 0.00012054449 1.385155 0.0046375808 2.6296232e-08 2.2377067e-10 0.00028509553 1.9838523e-05
0.91 5.887973 4.5618627e+08 3743.9659 0.072705501 0.00017097103 1.9980438e-05 7.0675355e-08 2.6169982e-10 NaN 0.016665781 0.0001205445 1.3851551 0.0046375815 2.6296232e-08 2.2377068e-10 0.00028509476 1.9838666e-05
0.92 5.952676 4.5618627e+08 3743.9656 0.072705495 0.00017096971 2.0421978e-05 7.2236178e-08 2.6326988e-10 NaN 0.016665781 0.00012054452 1.3851553 0.004637581 2.6296231e-08 2.237707e-10 0.00028509403 1.9838805e-05
0.93 6.017379 4.5618627e+08 3743.9653 0.072705489 0.00017096844 2.0868343e-05 7.381406e-08 2.6368722e-10 NaN 0.016665781 0.00012054453 1.3851554 0.0046375825 2.629623e-08 2.2377071e-10 0.00028509331 1.9838939e-05
0.94 6.082082 4.5618626e+08 3743.965 0.072705482 0.0001709672 2.1319534e-05 7.5409e-08 2.6409033e-10 NaN 0.016665782 0.00012054454 1.3851555 0.0046375826 2.6296229e-08 2.2377072e-10 0.00028509261 1.9839069e-05
0.95 6.146785 4.5618626e+08 3743.9647 0.072705476 0.000170966 2.177555e-05 7.7020998e-08 2.6447871e-10 NaN 0.016665782 0.00012054456 1.3851557 0.004637583 2.6296229e-08 2.2377074e-10 0.00028509193 1.9839195e-05
0.96 6.211488 4.5618626e+08 3743.9644 0.07270547 0.00017096484 2.2236392e-05 7.8650054e-08 2.64855e-10 NaN 0.016665782 0.00012054457 1.3851558 0.004637584 2.6296228e-08 2.2377075e-10 0.00028509127 1.9839317e-05
0.97 6.276191 4.5618626e+08 3743.9642 0.072705464 0.00017096372 2.270206e-05 8.0296168e-08 2.6521751e-10 NaN 0.016665783 0.00012054458 1.385156 0.0046375846 2.6296227e-08 2.2377076e-10 0.00028509064 1.9839436e-05
0.98 6.340894 4.5618626e+08 3743.9639 0.072705459 0.00017096263 2.3172553e-05 8.1959341e-08 2.6556996e-10 NaN 0.016665783 0.00012054459 1.3851561 0.0046375844 2.6296227e-08 2.2377077e-10 0.00028509002 1.983955e-05
0.99 6.405597 4.5618626e+08 3743.9637 0.072705453 0.00017096157 2.3647872e-05 8.3639571e-08 2.6591295e-10 NaN 0.016665783 0.0001205446 1.3851562 0.0046375852 2.6296226e-08 2.2377078e-10 0.00028508942 1.9839661e-05
1 6.4703 4.5618626e+08 3743.9635 0.072705448 0.00017096054 2.4128016e-05 8.533686e-08 2.6624137e-10 NaN 0.016665784 0.00012054461 1.3851563 0.0046375851 2.6296225e-08 2.2377079e-10 0.00028508884 1.9839769e-05
1.01 6.535003 4.5618626e+08 3743.9633 0.072705443 0.00017095955 2.4612986e-05 8.7051206e-08 2.6656123e-10 NaN 0.016665784 0.00012054462 1.3851564 0.0046375853 2.6296225e-08 2.237708e-10 0.00028508828 1.9839874e-05
1.02 6.599706 4.5618622e+08 3743.9528 0.072705437 0.00017095914 2.5102781e-05 8.8782903e-08 2.6684095e-10 NaN 0.016665787 0.00012054508 1.3851615 0.0046376027 2.6296209e-08 2.2377147e-10 0.0002850877 1.9840041e-05
1.03 6.664409 4.5618622e+08 3743.9535 0.072705433 0.00017095815 2.5597402e-05 9.0531347e-08 2.6714772e-10 NaN 0.016665787 0.00012054505 1.3851612 0.0046376015 2.629621e-08 2.2377142e-10 0.00028508717 1.9840134e-05
1.04 6.729112 4.5618622e+08 3743.9541 0.072705428 0.0001709572 2.6096849e-05 9.229685e-08 2.6744628e-10 NaN 0.016665787 0.00012054502 1.3851609 0.0046376 2.6296211e-08 2.2377138e-10 0.00028508665 1.9840225e-05
1.05 6.793815 4.5618623e+08 3743.9547 0.072705424 0.00017095627 2.6601121e-05 9.4079411e-08 2.6773764e-10 NaN 0.016665787 0.000120545 1.3851606 0.0046375994 2.6296211e-08 2.2377134e-10 0.00028508616 1.9840313e-05
1.06 6.858518 4.5618623e+08 3743.9552 0.072705419 0.00017095537 2.7110219e-05 9.5879032e-08 2.6802317e-10 NaN 0.016665787 0.00012054498 1.3851604 0.0046375986 2.6296212e-08 2.237713e-10 0.00028508567 1.9840399e-05
1.07 6.923221 4.5618623e+08 3743.9557 0.072705415 0.00017095449 2.7624142e-05 9.7695711e-08 2.683024e-10 NaN 0.016665787 0.00012054495 1.3851601 0.0046375986 2.6296212e-08 2.2377127e-10 0.0002850852 1.9840483e-05
1.08 6.987924 4.5618623e+08 3743.9561 0.072705411 0.00017095365 2.8142891e-05 9.952945e-08 2.6856887e-10 NaN 0.016665787 0.00012054494 1.3851599 0.0046375965 2.6296213e-08 2.2377124e-10 0.00028508474 1.9840564e-05
1.09 7.052627 4.5618623e+08 3743.9564 0.072705407 0.00017095283 2.8666466e-05 1.0138025e-07 2.6877948e-10 NaN 0.016665787 0.00012054492 1.3851598 0.0046375963 2.6296213e-08 2.2377121e-10 0.00028508429 1.9840644e-05
1.1 7.11733 4.5618623e+08 3743.9568 0.072705403 0.00017095203 2.9194866e-05 1.032481e-07 2.6896231e-10 NaN 0.016665788 0.00012054491 1.3851596 0.0046375963 2.6296213e-08 2.2377118e-10 0.00028508386 1.9840722e-05