grating_mod grating_value[um] SAW_freq[Hz] SAW_freq_error[Hz] A[Wm^-2] A_err[Wm^-2] alpha[m^2s^-1] alpha_err[m2s-1] beta[s^0.5] beta_err[s^0.5] B[Wm^-2] B_err[Wm^-2] theta theta_err tau[s] tau_err[s] C[Wm^-2] C_err[Wm^-2]
0.9 5.82327 4.5578365e+08 3081.4324 0.063536693 0.0016190898 1.9344447e-05 1.6407161e-07 5.4104582e-08 1.4976699e-06 0.014436376 0.00011000691 1.4115282 0.0048786452 2.8071791e-08 2.5411743e-10 0.0013413455 2.3233269e-05
0.91 5.887973 4.5578365e+08 3081.4319 0.063537123 0.001619071 1.9776772e-05 1.6773324e-07 5.4433383e-08 1.497636e-06 0.014434982 0.00010999579 1.4115438 0.0048786493 2.8075012e-08 2.5415085e-10 0.0013413518 2.3233298e-05
0.92 5.952676 4.5578365e+08 3081.4315 0.063537541 0.0016190527 2.0213875e-05 1.7143533e-07 5.4752459e-08 1.4976032e-06 0.01443363 0.00010998499 1.4115591 0.004878654 2.8078144e-08 2.5418331e-10 0.001341358 2.3233327e-05
0.93 6.017379 4.5578365e+08 3081.4311 0.063537946 0.0016190352 2.0655755e-05 1.7517789e-07 5.5061846e-08 1.4975714e-06 0.014432317 0.0001099745 1.4115739 0.0048786579 2.8081187e-08 2.5421485e-10 0.001341364 2.3233355e-05
0.94 6.082082 4.5578365e+08 3081.4307 0.063538337 0.0016190182 2.1102411e-05 1.7896091e-07 5.5360627e-08 1.4975407e-06 0.01443105 0.00010996436 1.4115881 0.0048786622 2.8084129e-08 2.5424531e-10 0.0013413697 2.3233384e-05
0.95 6.146785 4.5578365e+08 3081.4303 0.063538715 0.0016190018 2.1553845e-05 1.827844e-07 5.5649259e-08 1.497511e-06 0.014429825 0.00010995456 1.4116019 0.004878664 2.8086976e-08 2.5427477e-10 0.0013413753 2.3233412e-05
0.96 6.211488 4.5578361e+08 3081.4108 0.063539082 0.0016189912 2.2010056e-05 1.8664896e-07 5.593002e-08 1.4974871e-06 0.014428626 0.00010994535 1.4116216 0.0048786849 2.8089753e-08 2.5430443e-10 0.0013413807 2.3233515e-05
0.97 6.276191 4.5578361e+08 3081.412 0.06353943 0.0016189754 2.2471043e-05 1.9055335e-07 5.6195888e-08 1.4974592e-06 0.014427499 0.00010993628 1.4116338 0.0048786858 2.809238e-08 2.5433152e-10 0.0013413859 2.3233539e-05
0.98 6.340894 4.5578361e+08 3081.4131 0.063539764 0.0016189602 2.2936806e-05 1.9449822e-07 5.6451031e-08 1.4974325e-06 0.014426417 0.00010992758 1.4116456 0.0048786867 2.8094906e-08 2.5435755e-10 0.0013413908 2.3233565e-05
0.99 6.405597 4.5578361e+08 3081.4141 0.063701289 0.0016242497 2.3440987e-05 1.9881654e-07 1.5896609e-07 1.4953296e-06 0.013903764 0.00010698837 1.4086977 0.0049337661 2.9080587e-08 2.6753205e-10 0.0013447772 2.323344e-05
1 6.4703 4.5578362e+08 3081.4151 0.06370171 0.0016242906 2.3917082e-05 2.028555e-07 1.5905723e-07 1.4953547e-06 0.013899257 0.00010695283 1.4087406 0.0049338254 2.9093174e-08 2.6766649e-10 0.0013447924 2.3234061e-05
1.01 6.535003 4.5578362e+08 3081.416 0.063702103 0.0016243291 2.4397954e-05 2.0693497e-07 1.5914694e-07 1.4953785e-06 0.013895131 0.00010692112 1.4087792 0.0049339168 2.9104472e-08 2.6778921e-10 0.0013448063 2.3234662e-05
1.02 6.599706 4.5578362e+08 3081.4168 0.063702448 0.0016243632 2.4883599e-05 2.1105467e-07 1.5922127e-07 1.4954e-06 0.01389144 0.00010689275 1.4088139 0.0049339979 2.91146e-08 2.6789921e-10 0.0013448186 2.3235221e-05
1.03 6.664409 4.5578362e+08 3081.4175 0.063702756 0.0016243935 2.5374019e-05 2.1521466e-07 1.5928737e-07 1.4954192e-06 0.013888143 0.00010686766 1.4088448 0.0049340811 2.9123589e-08 2.6799745e-10 0.0013448296 2.3235744e-05
1.04 6.729112 4.5578362e+08 3081.4181 0.063703028 0.0016244198 2.5869214e-05 2.194149e-07 1.5934546e-07 1.495436e-06 0.013885232 0.00010684573 1.4088719 0.0049341648 2.9131469e-08 2.6808416e-10 0.0013448393 2.3236227e-05
1.05 6.793815 4.5578362e+08 3081.4187 0.063703264 0.001624442 2.6369182e-05 2.2365532e-07 1.5939569e-07 1.4954502e-06 0.013882696 0.00010682676 1.4088955 0.0049342443 2.9138303e-08 2.681597e-10 0.0013448477 2.3236668e-05
1.06 6.858518 4.5578362e+08 3081.4192 0.063703467 0.0016244627 2.6873924e-05 2.2793626e-07 1.5943842e-07 1.4954641e-06 0.013880515 0.00010681308 1.4089157 0.0049344286 2.9143372e-08 2.6822251e-10 0.0013448549 2.3237102e-05
1.07 6.923221 4.5578363e+08 3081.4197 0.063703636 0.0016244767 2.7383439e-05 2.32257e-07 1.5947377e-07 1.4954731e-06 0.013878687 0.00010679961 1.4089325 0.0049344941 2.9148245e-08 2.6827692e-10 0.0013448608 2.3237459e-05
1.08 6.987924 4.5578363e+08 3081.4201 0.063551167 0.0016200773 2.7857163e-05 2.3634136e-07 7.0202085e-08 1.4978704e-06 0.014510124 0.0001108677 1.4110514 0.004889928 2.7835254e-08 2.5226136e-10 0.0013414395 2.3251027e-05
1.09 7.052627 4.5578363e+08 3081.4205 0.063552179 0.0016200743 2.837564e-05 2.4073394e-07 7.0960044e-08 1.4978234e-06 0.014507022 0.00011085148 1.4110894 0.0048903 2.783992e-08 2.5232859e-10 0.0013414567 2.3250848e-05
1.1 7.11733 4.5578363e+08 3081.4208 0.063553158 0.0016200716 2.8898894e-05 2.4516705e-07 7.1694054e-08 1.4977781e-06 0.014504026 0.00011083581 1.4111261 0.0048906588 2.7844431e-08 2.5239361e-10 0.0013414733 2.325068e-05